Date,Location,MinTemp,MaxTemp,Rainfall,Evaporation,Sunshine,WindGustDir,WindGustSpeed,WindDir9am,WindDir3pm,WindSpeed9am,WindSpeed3pm,Humidity9am,Humidity3pm,Pressure9am,Pressure3pm,Cloud9am,Cloud3pm,Temp9am,Temp3pm,RainToday,RainTomorrow
2009-01-01,BadgerysCreek,13.3,34.2,0,NA,NA,W,61,NNE,NA,11,NA,67,NA,1005.6,NA,NA,NA,21,NA,No,No
2009-01-02,BadgerysCreek,14.7,26.1,0,NA,NA,SE,46,SE,SE,7,24,59,54,1012.9,1013.5,NA,NA,20.7,22.2,No,No
2009-01-03,BadgerysCreek,13.6,22.3,0,NA,NA,NNE,30,ESE,NE,6,15,57,51,1021.9,1019.2,NA,NA,17.9,21.7,No,No
2009-01-04,BadgerysCreek,17.7,31.2,0,NA,NA,NE,39,NNE,N,9,15,62,43,1018.7,1013.6,NA,NA,22,30.6,No,No
2009-01-05,BadgerysCreek,15.5,38.8,0,NA,NA,SW,50,NNE,W,7,17,67,19,1013.2,1007.6,NA,NA,22.7,37.6,No,No
2009-01-06,BadgerysCreek,14,39.3,0,NA,NA,ESE,35,N,ENE,6,15,56,13,1011.9,1006.9,NA,NA,24.2,38,No,No
2009-01-07,BadgerysCreek,15.3,40.3,0,NA,NA,W,63,N,WNW,6,30,69,19,1010.1,1004.6,NA,NA,23.3,39.8,No,No
2009-01-08,BadgerysCreek,18.9,22.3,0,NA,NA,SE,31,SSE,SE,11,19,75,70,1012.7,1013.6,NA,NA,20.5,20.1,No,No
2009-01-09,BadgerysCreek,14.8,22.4,0.4,NA,NA,E,33,SSE,E,15,19,65,46,1020.6,1018.8,NA,NA,17.6,21.1,No,No
2009-01-10,BadgerysCreek,11.9,26,0.2,NA,NA,ENE,37,SSW,ENE,4,13,63,43,1017.2,1013.2,NA,NA,18,24.2,No,No
2009-01-11,BadgerysCreek,12.6,30.2,0,NA,NA,E,41,N,E,7,19,61,40,1014.3,1010.1,NA,NA,21.6,29,No,Yes
2009-01-12,BadgerysCreek,15.3,29.4,4,NA,NA,ESE,37,SW,ESE,4,22,78,50,1016,1015.8,NA,NA,21.2,27.7,Yes,No
2009-01-13,BadgerysCreek,18.4,32.7,0,NA,NA,NNE,39,NNE,ENE,7,17,83,40,1019.7,1015.3,NA,NA,21.5,30.5,No,No
2009-01-14,BadgerysCreek,15.9,39.9,0,NA,NA,ENE,50,ENE,NE,6,13,70,21,1014.7,1009.6,NA,NA,23.9,39.2,No,No
2009-01-15,BadgerysCreek,18,42.9,0,NA,NA,SE,50,E,WSW,7,17,43,16,1009.3,1005.5,NA,NA,29.1,40.7,No,No
2009-01-16,BadgerysCreek,14.6,34.5,0.4,NA,NA,SE,50,SE,NNE,7,15,50,22,1013,1007.5,NA,NA,21.4,33.9,No,No
2009-01-17,BadgerysCreek,15.5,23.7,0,NA,NA,ESE,33,SSE,E,15,15,53,38,1020.9,1020.1,NA,NA,17.6,21.8,No,No
2009-01-18,BadgerysCreek,10.3,28.7,0,NA,NA,E,37,NA,NE,0,9,58,28,1022.1,1018.8,NA,NA,19.9,27.6,No,No
2009-01-19,BadgerysCreek,11.3,33.5,0,NA,NA,NE,35,NNE,NNE,9,19,63,18,1019.4,1013.9,NA,NA,19.9,30.3,No,No
2009-01-20,BadgerysCreek,14.6,39.2,0,NA,NA,ENE,43,W,NNE,4,20,61,20,1014,1008.9,NA,NA,23.4,37.8,No,No
2009-01-21,BadgerysCreek,20.5,38.4,0.4,NA,NA,N,41,NNW,WSW,11,11,58,31,1012,1007.1,NA,NA,27,35,No,Yes
2009-01-22,BadgerysCreek,19.6,33.7,19.4,NA,NA,N,56,NNE,N,17,28,69,41,1008.7,1004.8,NA,NA,25.8,32.4,Yes,No
2009-01-23,BadgerysCreek,20.3,36.1,0.2,NA,NA,NE,43,E,ENE,6,24,63,44,1009.4,1006.5,NA,NA,28.2,33.3,No,No
2009-01-24,BadgerysCreek,20.8,40.7,0,NA,NA,W,72,NNE,W,6,31,61,15,1005.2,1003,NA,NA,29.3,39.6,No,No
2009-01-25,BadgerysCreek,18.7,28.4,0,NA,NA,SSW,33,E,NE,7,15,61,39,1020,1017.8,NA,NA,20.9,27.7,No,No
2009-01-26,BadgerysCreek,19.7,31,0,NA,NA,SE,35,SW,E,7,19,65,55,1019.7,1018.5,NA,NA,22,29.1,No,Yes
2009-01-27,BadgerysCreek,19.3,28,3.6,NA,NA,E,30,SW,ENE,7,9,93,71,1021.5,1019.6,NA,NA,20,26.5,Yes,No
2009-01-28,BadgerysCreek,16.3,35.7,0,NA,NA,NE,35,NE,N,6,15,83,34,1018.7,1014.6,NA,NA,21.6,34.1,No,No
2009-01-29,BadgerysCreek,16.1,35.4,0,NA,NA,SE,41,SSE,E,2,15,75,29,1018.9,1015.2,NA,NA,23.6,33.6,No,No
2009-01-30,BadgerysCreek,17.4,34.6,0,NA,NA,NE,37,E,NE,7,11,68,36,1018.9,1014.3,NA,NA,24.3,33.2,No,No
2009-01-31,BadgerysCreek,15.9,36.6,0,NA,NA,ESE,37,SSE,ENE,6,13,75,32,1017.8,1012.7,NA,NA,24,36.4,No,No
2009-02-01,BadgerysCreek,18.3,31.3,0,NA,NA,E,39,SSE,ENE,15,22,70,49,1016.1,1015.8,NA,NA,24.9,29.6,No,No
2009-02-02,BadgerysCreek,19.5,35.1,0,NA,NA,ESE,41,NE,E,2,13,78,34,1016.7,1010.6,NA,NA,24.2,34.2,No,No
2009-02-03,BadgerysCreek,19.5,33.4,0,NA,NA,ESE,41,SSW,SE,7,26,67,42,1010.9,1009.6,NA,NA,24.1,29.3,No,No
2009-02-04,BadgerysCreek,20.6,32.6,0,NA,NA,E,35,ESE,NNE,2,17,72,46,1011.9,1008.3,NA,NA,24.2,32,No,No
2009-02-05,BadgerysCreek,18.9,39.7,0,NA,NA,ENE,35,NA,NE,0,19,75,23,1009.5,1004.5,NA,NA,25.2,38.6,No,No
2009-02-06,BadgerysCreek,20.4,40.1,0,NA,NA,ENE,46,S,ESE,9,26,65,36,1011.2,1006.8,NA,NA,26.6,37.1,No,No
2009-02-07,BadgerysCreek,19.2,42,0.8,NA,NA,NE,46,NA,NNE,0,30,59,14,1013.6,1009,NA,NA,26,41.5,No,No
2009-02-08,BadgerysCreek,17,40,0,NA,NA,SE,43,WNW,NE,6,22,51,28,1011.1,1006.2,NA,NA,25.3,38.6,No,No
2009-02-09,BadgerysCreek,20.6,23.3,0,NA,NA,S,30,S,SE,17,13,79,78,1012.4,1011.8,NA,NA,21.1,20.6,No,Yes
2009-02-10,BadgerysCreek,16.6,19.4,2,NA,NA,SSW,46,W,SSE,2,9,92,93,1011.9,1010.5,NA,NA,17.7,19.3,Yes,Yes
2009-02-11,BadgerysCreek,15.5,22.1,4.6,NA,NA,S,39,SSW,SE,13,11,79,70,1011.8,1012.1,NA,NA,16.7,19.5,Yes,Yes
2009-02-12,BadgerysCreek,14.3,20.3,4.2,NA,NA,E,37,S,SE,20,17,78,69,1018.2,1019.2,NA,NA,17,19.3,Yes,No
2009-02-13,BadgerysCreek,14.3,21.1,1,NA,NA,ESE,44,SW,SE,11,26,89,51,1025.7,1024.7,NA,NA,16,20.4,No,Yes
2009-02-14,BadgerysCreek,14.6,18.1,21.2,NA,NA,S,30,SW,SSE,19,15,94,92,1023.6,1019.9,NA,NA,15,16.5,Yes,Yes
2009-02-15,BadgerysCreek,15,21.9,36,NA,NA,S,41,SSW,SSE,15,17,91,82,1015.7,1014.6,NA,NA,17.8,21.9,Yes,Yes
2009-02-16,BadgerysCreek,16.2,25,23.4,NA,NA,SE,48,SE,SSE,19,28,78,56,1018.3,1018.1,NA,NA,21.3,23.2,Yes,No
2009-02-17,BadgerysCreek,15.8,22.3,0.8,NA,NA,ESE,28,SW,SE,15,17,91,61,1017.7,1016,NA,NA,18.1,21.1,No,Yes
2009-02-18,BadgerysCreek,17,27.4,9.8,NA,NA,SW,33,WSW,S,24,15,89,61,1011.1,1008.8,NA,NA,19.3,24.9,Yes,No
2009-02-19,BadgerysCreek,16.6,31.2,0,NA,NA,SE,31,NNW,NNE,11,19,78,46,1008.2,1004.9,NA,NA,21.9,30.2,No,No
2009-02-20,BadgerysCreek,17.4,31.3,0.2,NA,NA,ESE,43,N,E,9,19,76,40,1011.8,1009,NA,NA,21.8,30.8,No,No
2009-02-21,BadgerysCreek,20.2,26.7,1,NA,NA,SE,41,NA,SE,0,24,92,77,1013.6,1013.3,NA,NA,21.5,22,No,No
2009-02-22,BadgerysCreek,17.8,26.1,0.2,NA,NA,E,28,SSW,E,4,9,80,59,1019,1017.4,NA,NA,19.9,25.1,No,No
2009-02-23,BadgerysCreek,17.4,30.3,0,NA,NA,WSW,57,NE,ENE,11,20,73,52,1017.1,1011.8,NA,NA,22.7,28.8,No,Yes
2009-02-24,BadgerysCreek,16.6,31.5,4.2,NA,NA,E,33,NA,ESE,0,24,91,51,1014.7,1012.5,NA,NA,20,29.5,Yes,No
2009-02-25,BadgerysCreek,19.5,28.5,0.2,NA,NA,ESE,35,NA,E,0,22,84,59,1016.9,1013.9,NA,NA,21.1,27.9,No,No
2009-02-26,BadgerysCreek,16.5,25.7,0,NA,NA,SE,35,SW,SE,9,11,75,52,1020.7,1018.5,NA,NA,19.6,24,No,No
2009-02-27,BadgerysCreek,12.9,25.8,0,NA,NA,ESE,28,SW,E,11,13,78,46,1018.7,1015.3,NA,NA,18.7,25.3,No,No
2009-02-28,BadgerysCreek,12.7,32,0,NA,NA,ESE,30,NA,N,0,17,81,44,1010,1005.9,NA,NA,17.7,30.8,No,No
2009-03-01,BadgerysCreek,17.6,28.4,0,NA,NA,NNE,35,NA,NNE,0,17,78,52,1011.1,1010.1,NA,NA,21.6,27.3,No,No
2009-03-02,BadgerysCreek,18.1,27.9,0,NA,NA,E,33,NA,N,0,19,85,50,1016.8,1014.6,NA,NA,20.4,26.9,No,No
2009-03-03,BadgerysCreek,16.2,27.6,0,NA,NA,NE,30,NA,NE,0,19,91,50,1018.5,1014.7,NA,NA,19.7,26.3,No,No
2009-03-04,BadgerysCreek,19.7,24.6,0,NA,NA,SW,57,NA,SSE,0,7,88,48,1008.6,1008.9,NA,NA,21,22.5,No,No
2009-03-05,BadgerysCreek,9.4,25.8,0,NA,NA,SW,43,SW,S,22,17,44,24,1010.1,1008.3,NA,NA,18.6,24.8,No,No
2009-03-06,BadgerysCreek,8.6,25.4,0,NA,NA,E,35,SW,NE,9,9,76,39,1013.8,1010.8,NA,NA,14.8,24.2,No,No
2009-03-07,BadgerysCreek,13.1,28.8,0,NA,NA,SE,30,SW,E,11,13,80,34,1014.6,1011.6,NA,NA,18.8,27.8,No,No
2009-03-08,BadgerysCreek,17.4,25.1,0,NA,NA,SSE,37,SSW,SSE,13,22,80,66,1018.5,1018.8,NA,NA,20.4,23.7,No,Yes
2009-03-09,BadgerysCreek,16,24.1,12.4,NA,NA,ENE,26,SW,NNE,13,6,98,70,1022.7,1020.2,NA,NA,17,23.5,Yes,No
2009-03-10,BadgerysCreek,16.9,25.9,0.8,NA,NA,ENE,35,SSW,ENE,4,22,96,55,1022.2,1020.8,NA,NA,19.6,25,No,No
2009-03-11,BadgerysCreek,14.4,22.9,0.2,NA,NA,E,31,S,E,9,11,73,75,1024.2,1023.1,NA,NA,19.6,21.1,No,Yes
2009-03-12,BadgerysCreek,14.6,26.1,4.8,NA,NA,ENE,33,SW,NNE,6,15,99,53,1023.2,1020,NA,NA,17.9,25.3,Yes,No
2009-03-13,BadgerysCreek,16.4,27.2,0,NA,NA,WNW,24,SW,WSW,7,11,91,66,1018.9,1016,NA,NA,19.6,25.2,No,No
2009-03-14,BadgerysCreek,15.1,28.8,0,NA,NA,NW,70,NA,N,0,15,96,62,1015.2,1010.1,NA,NA,18.8,27.2,No,Yes
2009-03-15,BadgerysCreek,15.1,30.4,24.6,NA,NA,WNW,37,NA,NNE,0,9,99,49,1010.8,1007.3,NA,NA,19,29.1,Yes,No
2009-03-16,BadgerysCreek,11.9,27,0,NA,NA,SW,30,SW,SSE,6,6,50,31,1012.2,1007.9,NA,NA,17.5,26,No,No
2009-03-17,BadgerysCreek,9.4,25.8,0,NA,NA,NE,31,NA,NNE,0,7,63,32,1013.9,1012,NA,NA,16.7,25.1,No,No
2009-03-18,BadgerysCreek,14.5,26.1,0,NA,NA,N,31,NA,E,0,17,71,50,1019.4,1015.7,NA,NA,19.2,25,No,No
2009-03-19,BadgerysCreek,11.8,30,0,NA,NA,N,43,NA,ENE,0,9,92,50,1016.7,1013.4,NA,NA,17.1,28.5,No,No
2009-03-20,BadgerysCreek,14.7,29.7,0,NA,NA,SE,31,WSW,E,7,11,90,48,1018.1,1015.8,NA,NA,18.5,29.1,No,No
2009-03-21,BadgerysCreek,14.7,26.5,0,NA,NA,ENE,33,SSW,E,6,22,99,61,1019.4,1016.8,NA,NA,17.3,25.2,No,No
2009-03-22,BadgerysCreek,12,28,0,NA,NA,N,35,NW,N,6,17,98,44,1018.4,1014.7,NA,NA,17.1,26.3,No,No
2009-03-23,BadgerysCreek,13.7,29.3,0,NA,NA,NNE,28,SE,NE,6,17,97,47,1017.3,1014.7,NA,NA,18.3,28.4,No,No
2009-03-24,BadgerysCreek,15.6,32.4,0,NA,NA,N,33,SW,NNE,2,19,97,35,1018.3,1015.1,NA,NA,19.8,32,No,No
2009-03-25,BadgerysCreek,15,33.1,0,NA,NA,SW,80,NA,E,0,13,99,45,1019.7,1016.7,NA,NA,18.2,31.9,No,Yes
2009-03-26,BadgerysCreek,17,31.3,24.8,NA,NA,SW,76,NA,NE,0,9,97,49,1019.9,1016.4,NA,NA,20,30,Yes,Yes
2009-03-27,BadgerysCreek,18.4,23.4,3.8,NA,NA,S,31,S,SE,15,15,80,61,1024.5,1023.6,NA,NA,19.4,22.9,Yes,No
2009-03-28,BadgerysCreek,12.6,25,0.2,NA,NA,ENE,26,SSW,ENE,2,9,89,46,1025.7,1022.8,NA,NA,16.4,24,No,No
2009-03-29,BadgerysCreek,11.3,26.4,0,NA,NA,E,31,E,NE,7,11,96,45,1023.9,1021,NA,NA,15,25.8,No,No
2009-03-30,BadgerysCreek,15,26.2,0,NA,NA,SE,39,S,SE,9,20,84,51,1024.5,1022.1,NA,NA,19.7,23.6,No,Yes
2009-03-31,BadgerysCreek,17.6,21.4,3.2,NA,NA,SE,41,SE,SE,19,19,87,87,1022.5,1020.9,NA,NA,19.5,19.3,Yes,Yes
2009-04-01,BadgerysCreek,17.6,22.9,32,NA,NA,SE,50,E,ESE,20,19,97,78,1021.9,1021.4,NA,NA,19,22.6,Yes,Yes
2009-04-02,BadgerysCreek,18.6,24.9,15.4,NA,NA,E,31,SE,E,11,20,97,69,1023.7,1021.6,NA,NA,20.2,24.1,Yes,Yes
2009-04-03,BadgerysCreek,18.1,26.8,4,NA,NA,NNE,33,SW,NNE,4,22,99,63,1021.4,1016.6,NA,NA,19.8,25.9,Yes,Yes
2009-04-04,BadgerysCreek,17.2,20.2,1.8,NA,NA,SW,31,SE,ESE,15,15,86,67,1017.9,1019.5,NA,NA,18.8,18.6,Yes,No
2009-04-05,BadgerysCreek,15.5,23.7,0,NA,NA,NNE,31,WSW,NNE,7,17,67,61,1020.2,1014.2,NA,NA,19,22.9,No,No
2009-04-06,BadgerysCreek,11.7,21.3,0.2,NA,NA,S,31,S,ESE,19,17,73,60,1021.2,1019.5,NA,NA,17.8,20.1,No,No
2009-04-07,BadgerysCreek,13.1,22.1,0,NA,NA,ESE,30,SW,ESE,11,22,72,58,1026,1024,NA,NA,17.1,19.9,No,No
2009-04-08,BadgerysCreek,9.3,23.4,0,NA,NA,E,28,SW,NE,13,13,67,46,1027.4,1024.3,NA,NA,18.1,22,No,No
2009-04-09,BadgerysCreek,10.3,23.5,0,NA,NA,NNE,24,WSW,NE,2,15,79,54,1025.8,1021.8,NA,NA,17.1,22.9,No,No
2009-04-10,BadgerysCreek,10.7,24.8,0,NA,NA,NE,20,NA,NNE,0,9,85,52,1023.8,1021,NA,NA,16.8,23.8,No,No
2009-04-11,BadgerysCreek,14.5,24.2,0,NA,NA,N,15,NA,NE,0,9,85,59,1025.7,1023.1,NA,NA,18.9,23,No,No
2009-04-12,BadgerysCreek,16.5,24,0.8,NA,NA,N,17,WNW,NNW,6,11,85,60,1023.6,1020.7,NA,NA,19.7,23.7,No,No
2009-04-13,BadgerysCreek,17.7,22.3,0.2,NA,NA,ESE,30,SW,SSW,4,6,92,80,1023,1019.6,NA,NA,19.9,21.2,No,Yes
2009-04-14,BadgerysCreek,14.9,27.3,13,NA,NA,SSE,28,N,SW,9,6,95,53,1015.5,1010.8,NA,NA,18.6,26.5,Yes,No
2009-04-15,BadgerysCreek,11.3,28.3,0.4,NA,NA,NW,46,N,WNW,2,26,92,30,1011.6,1007,NA,NA,18.1,28.1,No,No
2009-04-16,BadgerysCreek,8.9,23.9,0,NA,NA,SSW,26,SW,N,6,9,61,37,1015.4,1011.6,NA,NA,16,23.6,No,No
2009-04-17,BadgerysCreek,7.2,23.4,0,NA,NA,ENE,28,SSW,ENE,7,17,73,44,1016.9,1015.7,NA,NA,16.1,22.1,No,No
2009-04-18,BadgerysCreek,11.7,23.2,0,NA,NA,SW,28,SW,SE,17,6,67,49,1020.8,1018.1,NA,NA,18.4,22.6,No,No
2009-04-19,BadgerysCreek,14,19.9,0,NA,NA,S,44,SW,SSW,20,20,67,84,1020.3,1019,NA,NA,18.3,17.8,No,Yes
2009-04-20,BadgerysCreek,13,18.6,3.2,NA,NA,SSW,44,SW,S,24,15,90,82,1021.9,1019.9,NA,NA,14.6,16.3,Yes,Yes
2009-04-21,BadgerysCreek,13.2,20.4,2.4,NA,NA,S,43,S,S,20,17,85,85,1023.9,1021.7,NA,NA,16.1,17.3,Yes,Yes
2009-04-22,BadgerysCreek,13.7,21.9,8.4,NA,NA,SE,39,SW,SSE,17,20,85,60,1024.8,1022.8,NA,NA,17.3,19.4,Yes,Yes
2009-04-23,BadgerysCreek,13.6,21.1,1.6,NA,NA,NE,19,WSW,N,9,7,77,60,1022,1018.4,NA,NA,17.6,20.3,Yes,No
2009-04-24,BadgerysCreek,7.9,22.6,0.2,NA,NA,N,24,NA,ESE,0,4,99,66,1012.9,1006.5,NA,NA,12.8,21.3,No,No
2009-04-25,BadgerysCreek,12.8,22.5,0.4,NA,NA,N,46,NNW,WNW,13,20,52,47,1004.5,1002.7,NA,NA,19.9,21.5,No,No
2009-04-26,BadgerysCreek,12.7,18.9,0,NA,NA,W,57,NW,W,19,30,49,35,1003.2,1003.3,NA,NA,16.9,18,No,No
2009-04-27,BadgerysCreek,4.8,17.7,0,NA,NA,SW,54,W,SW,15,24,48,37,1013.5,1013,NA,NA,13.6,17.4,No,No
2009-04-28,BadgerysCreek,4.8,21.1,0,NA,NA,W,54,WNW,WSW,15,31,57,38,1015.6,1015.8,NA,NA,17.3,18.9,No,No
2009-04-29,BadgerysCreek,4.6,17.8,0,NA,NA,ESE,22,WSW,SE,11,11,71,58,1022.6,1020,NA,NA,11.2,15.8,No,No
2009-04-30,BadgerysCreek,6.7,19,0,NA,NA,SW,33,SW,SSE,20,17,68,62,1020.9,1020.5,NA,NA,14,16.1,No,No
2009-05-01,BadgerysCreek,4.2,21.4,0,NA,NA,NNE,20,SW,NNE,4,13,90,47,1024.8,1020.7,NA,NA,11.6,20.8,No,No
2009-05-02,BadgerysCreek,4.8,22.1,0,NA,NA,ESE,24,SW,E,15,13,66,55,1025.5,1022.9,NA,NA,14.1,18.8,No,No
2009-05-03,BadgerysCreek,8.5,21.9,0,NA,NA,SSW,24,SW,E,17,13,73,52,1027.9,1025.6,NA,NA,15.3,20.8,No,No
2009-05-04,BadgerysCreek,6.3,23.3,0,NA,NA,SW,19,NA,NA,0,0,93,42,1028.8,1025.5,NA,NA,13.4,22.8,No,No
2009-05-05,BadgerysCreek,9.9,20.8,0,NA,NA,S,28,SW,SE,17,9,72,52,1031.1,1028.4,NA,NA,16.5,19.2,No,No
2009-05-06,BadgerysCreek,7.1,22.2,0,NA,NA,N,24,NA,N,0,9,99,48,1028.5,1023.4,NA,NA,13.3,21.8,No,No
2009-05-07,BadgerysCreek,6.3,22.9,0,NA,NA,SE,26,NA,NA,0,0,91,38,1024.6,1021.4,NA,NA,12.5,22,No,No
2009-05-08,BadgerysCreek,8.5,20.8,0,NA,NA,SW,31,SW,ENE,19,9,69,58,1028.2,1025,NA,NA,14.9,18.6,No,No
2009-05-09,BadgerysCreek,6.7,22.2,0,NA,NA,SE,22,NA,ESE,0,7,84,41,1024.4,1020.4,NA,NA,13.2,21.1,No,No
2009-05-10,BadgerysCreek,9.4,19.1,0,NA,NA,SSW,35,SSW,SE,20,17,65,60,1024.7,1024,NA,NA,15.9,17,No,No
2009-05-11,BadgerysCreek,7.9,20.9,0.4,NA,NA,E,20,SW,NNE,13,7,84,41,1025.6,1022.2,NA,NA,13.3,19.6,No,No
2009-05-12,BadgerysCreek,3.7,20.7,0.4,NA,NA,SE,28,SW,SE,2,19,98,61,1021.8,1018,NA,NA,10.9,17.3,No,No
2009-05-13,BadgerysCreek,3.4,21,0,NA,NA,WSW,33,NA,W,0,19,99,37,1017,1012.9,NA,NA,11.2,20.6,No,No
2009-05-14,BadgerysCreek,2.6,20.3,0,NA,NA,SW,46,N,W,11,24,73,36,1012.6,1011.5,NA,NA,12.7,19.3,No,No
2009-05-15,BadgerysCreek,4.4,21,0,NA,NA,WSW,50,NNW,WSW,9,28,66,40,1013,1010.7,NA,NA,15.2,19.9,No,No
2009-05-16,BadgerysCreek,12.2,22,0,NA,NA,W,72,NNW,WSW,24,31,59,44,1010.9,1008.9,NA,NA,17.8,20.3,No,No
2009-05-17,BadgerysCreek,2.8,20.9,0,NA,NA,ESE,24,NA,SSE,0,13,80,37,1018.9,1017.5,NA,NA,10.6,19.5,No,No
2009-05-18,BadgerysCreek,5.7,20.9,0,NA,NA,NE,28,SW,NNE,9,17,75,55,1026,1023.4,NA,NA,13.3,19.2,No,No
2009-05-19,BadgerysCreek,11.4,21.4,1,NA,NA,ESE,30,SW,E,4,17,99,51,1024.7,1021.3,NA,NA,14.2,19.8,No,Yes
2009-05-20,BadgerysCreek,12.9,19.2,17.2,NA,NA,SSE,50,SE,S,13,9,99,80,1022.7,1020.4,NA,NA,14.5,18.1,Yes,Yes
2009-05-21,BadgerysCreek,12.8,19,46.4,NA,NA,ESE,48,SE,SE,17,26,84,61,1024.4,1022.4,NA,NA,16.5,17.9,Yes,Yes
2009-05-22,BadgerysCreek,13.7,18.6,5,NA,NA,ESE,48,SE,ESE,19,15,72,85,1023.9,1021.2,NA,NA,17,17.2,Yes,Yes
2009-05-23,BadgerysCreek,14.2,20.6,15.8,NA,NA,ESE,39,SE,ESE,11,26,86,68,1024.2,1022.8,NA,NA,17.6,18.8,Yes,Yes
2009-05-24,BadgerysCreek,12.6,21.1,1.6,NA,NA,ESE,26,SW,ESE,7,17,85,57,1027,1025.6,NA,NA,16.8,20,Yes,No
2009-05-25,BadgerysCreek,9.5,19.3,0.2,NA,NA,NW,20,WSW,NW,7,9,94,69,1026.4,1023.3,NA,NA,14,18.3,No,No
2009-05-26,BadgerysCreek,7.6,21.8,0,NA,NA,NE,17,NA,N,0,7,99,60,1022.4,1019.1,NA,NA,12.5,19.7,No,No
2009-05-27,BadgerysCreek,10.1,15.6,0,NA,NA,W,17,NA,SW,0,7,99,99,1020.7,1018.7,NA,NA,13.2,15.1,No,Yes
2009-05-28,BadgerysCreek,9,17.9,14.2,NA,NA,SE,26,SW,SE,13,17,99,68,1021.7,1020.1,NA,NA,13.8,17.2,Yes,No
2009-05-29,BadgerysCreek,8.3,17.4,0,NA,NA,S,39,WSW,SSW,17,26,70,66,1023.8,1022.9,NA,NA,11.5,15.2,No,No
2009-05-30,BadgerysCreek,8,17.8,0,NA,NA,S,41,SSW,SW,22,15,70,74,1028.6,1028.3,NA,NA,13.5,14.3,No,Yes
2009-05-31,BadgerysCreek,9.8,19,11.4,NA,NA,ESE,30,SW,NNE,13,11,98,89,1034,1032.4,NA,NA,12.7,13.7,Yes,No
2009-06-01,BadgerysCreek,10.1,16.3,0.4,NA,NA,SSE,15,WSW,NA,7,0,91,71,1033.2,1030.5,NA,NA,11.7,15.7,No,No
2009-06-02,BadgerysCreek,10.5,18.7,0,NA,NA,SSW,15,SW,NA,9,0,91,75,1030.2,1027.3,NA,NA,13.6,17.2,No,Yes
2009-06-03,BadgerysCreek,12.3,19,8.6,NA,NA,N,17,NA,N,0,11,99,79,1026,1022.4,NA,NA,14.5,17.4,Yes,No
2009-06-04,BadgerysCreek,8.5,17.6,0.2,NA,NA,ENE,15,NA,ENE,0,9,99,80,1021,1016.7,NA,NA,11.3,17,No,No
2009-06-05,BadgerysCreek,10.2,19.5,0,NA,NA,WSW,26,WSW,WSW,11,13,99,50,1015.4,1012.6,NA,NA,13.8,18.6,No,No
2009-06-06,BadgerysCreek,3.4,18.8,0.2,NA,NA,W,28,NA,NNW,0,4,92,45,1014.2,1010,NA,NA,10.2,18.2,No,Yes
2009-06-07,BadgerysCreek,7,19,1.2,NA,NA,W,41,N,WSW,11,17,99,57,1008.3,1005.8,NA,NA,9.5,16,Yes,No
2009-06-08,BadgerysCreek,4.1,18.8,0,NA,NA,WNW,41,NW,W,6,13,83,45,1009.7,1007.8,NA,NA,11.5,16.8,No,No
2009-06-09,BadgerysCreek,4.3,16.8,0,NA,NA,NW,39,NNW,W,9,15,70,51,1011.8,1008.5,NA,NA,11.4,13.7,No,No
2009-06-10,BadgerysCreek,7.4,13.4,0,NA,NA,W,56,WSW,W,28,31,46,39,1012.4,1013.7,NA,NA,9.6,12,No,No
2009-06-11,BadgerysCreek,0,15.3,0,NA,NA,NA,NA,W,SW,11,19,53,35,1021.4,1018.6,NA,NA,8.2,14.9,No,NA
2009-06-12,BadgerysCreek,NA,16.9,NA,NA,NA,SW,22,NA,N,0,7,72,46,1024.4,1020.3,NA,NA,8.3,15,NA,No
2009-06-13,BadgerysCreek,1.9,17,0,NA,NA,NNE,17,NA,N,0,7,99,63,1017.7,1014.2,NA,NA,6,14.1,No,No
2009-06-14,BadgerysCreek,4.2,13.3,0,NA,NA,SE,19,WSW,ESE,6,11,99,88,1014.7,1011.6,NA,NA,7,10.5,No,No
2009-06-15,BadgerysCreek,2.1,19.5,0.2,NA,NA,SW,26,NA,SW,0,13,99,39,1013.1,1010.7,NA,NA,9.6,17.8,No,No
2009-06-16,BadgerysCreek,3.8,17.4,0,NA,NA,SSW,54,SW,SSW,28,19,72,73,1018.7,1020.8,NA,NA,13.3,14.7,No,No
2009-06-17,BadgerysCreek,8.8,16.6,0,NA,NA,SW,26,SSW,S,15,13,73,82,1028,1027.2,NA,NA,12.4,13.8,No,No
2009-06-18,BadgerysCreek,7.3,16.4,0.6,NA,NA,SE,24,SSW,ESE,13,13,86,69,1030,1028.1,NA,NA,12.8,16.3,No,Yes
2009-06-19,BadgerysCreek,8,18.5,2.8,NA,NA,ESE,31,SW,ESE,15,20,89,54,1030.5,1028.4,NA,NA,12.2,15.2,Yes,Yes
2009-06-20,BadgerysCreek,7.8,16.4,1.4,NA,NA,N,20,SW,ESE,9,7,99,97,1028.1,1024.5,NA,NA,11.6,15,Yes,Yes
2009-06-21,BadgerysCreek,10,16.6,1.4,NA,NA,NNE,15,NA,NNE,0,11,100,92,1024.1,1021,NA,NA,12.3,15.5,Yes,NA
2009-06-22,BadgerysCreek,NA,19.3,NA,NA,NA,NE,15,WSW,ENE,6,7,100,69,1020.4,1017.7,NA,NA,13.5,18.9,NA,No
2009-06-23,BadgerysCreek,4.5,19.8,0,NA,NA,NNE,15,NA,NA,0,0,100,56,1020.2,1016.8,NA,NA,9.2,19.3,No,No
2009-06-24,BadgerysCreek,1.6,17.1,0.2,NA,NA,N,26,NW,N,15,13,100,58,1016.4,1011,NA,NA,6.6,16.5,No,No
2009-06-25,BadgerysCreek,2.6,16,0.6,NA,NA,W,24,NA,W,0,2,100,58,1014.8,1012.4,NA,NA,6,14.7,No,No
2009-06-26,BadgerysCreek,4,18.3,0,NA,NA,N,19,NNE,ESE,7,2,90,48,1012.8,1009.1,NA,NA,10,16.7,No,No
2009-06-27,BadgerysCreek,5.8,15.8,0.2,NA,NA,WSW,13,SW,NA,9,0,97,67,1008.3,1005.5,NA,NA,9.7,15.6,No,No
2009-06-28,BadgerysCreek,8.1,18.9,0,NA,NA,SW,17,NA,NNW,0,7,100,63,1006.4,1004.7,NA,NA,11.2,16.6,No,No
2009-06-29,BadgerysCreek,3.7,20.6,0,NA,NA,WNW,22,NA,WNW,0,13,89,48,1012.2,1010,NA,NA,9.7,20.4,No,No
2009-06-30,BadgerysCreek,7.6,18.1,0,NA,NA,NNE,35,NA,NNE,0,11,99,67,1013.2,1007.7,NA,NA,8.4,17.4,No,No
2009-07-01,BadgerysCreek,8.4,20.4,0,NA,NA,N,48,WNW,WNW,13,30,55,33,1006.3,1005,NA,NA,18.1,18.9,No,No
2009-07-02,BadgerysCreek,5,18.2,0,NA,NA,WNW,46,ENE,W,4,22,52,42,1007.4,1007.1,NA,NA,15.1,16.1,No,No
2009-07-03,BadgerysCreek,7.5,15.3,0,NA,NA,WSW,67,WSW,WSW,37,35,53,46,1004.4,1005,NA,NA,12.1,14,No,No
2009-07-04,BadgerysCreek,4.1,16.5,0,NA,NA,W,41,NA,WSW,0,22,57,46,1012.6,1011.7,NA,NA,11.2,16.1,No,No
2009-07-05,BadgerysCreek,5.9,16.7,0,NA,NA,W,35,N,SW,9,7,63,37,1016.6,1016.3,NA,NA,11.2,16.4,No,No
2009-07-06,BadgerysCreek,0,15.9,0,NA,NA,SW,17,NA,SW,0,11,99,53,1021,1017.9,NA,NA,4.3,14.2,No,No
2009-07-07,BadgerysCreek,3.3,14.5,0,NA,NA,S,28,SW,SSE,19,15,71,57,1025.1,1024.5,NA,NA,9.5,13.7,No,Yes
2009-07-08,BadgerysCreek,5.5,15.6,1.2,NA,NA,ENE,31,SW,SSE,11,6,98,68,1029.9,1028.5,NA,NA,9.6,13.7,Yes,Yes
2009-07-09,BadgerysCreek,6,17,5.6,NA,NA,SE,24,SW,SSW,9,9,100,81,1031.3,1028.8,NA,NA,9.5,13.9,Yes,Yes
2009-07-10,BadgerysCreek,7.1,18,1.8,NA,NA,ESE,31,WSW,SE,15,20,99,61,1028.7,1024.9,NA,NA,11.1,15.6,Yes,No
2009-07-11,BadgerysCreek,5.4,16.1,0,NA,NA,NNE,20,WSW,N,7,11,100,63,1022.7,1018.5,NA,NA,9.3,14.3,No,No
2009-07-12,BadgerysCreek,6.1,18.3,0.2,NA,NA,N,22,NA,NE,0,7,99,63,1014.6,1009.2,NA,NA,8,17.3,No,No
2009-07-13,BadgerysCreek,7.9,17.8,0,NA,NA,WNW,30,N,NA,7,0,64,51,1007.5,1006.2,NA,NA,14.1,15.7,No,No
2009-07-14,BadgerysCreek,4.6,16,0,NA,NA,WNW,35,NNE,W,6,19,69,43,1007.3,1004.9,NA,NA,11.8,15.6,No,No
2009-07-15,BadgerysCreek,-0.3,16.3,0,NA,NA,N,19,SW,WNW,6,6,99,52,1010,1008.3,NA,NA,4.7,14.8,No,No
2009-07-16,BadgerysCreek,4.2,16.5,0.2,NA,NA,SW,33,SSW,SSW,9,20,87,42,1012.7,1010.5,NA,NA,9,15.8,No,Yes
2009-07-17,BadgerysCreek,7.7,16.3,4,NA,NA,SSW,39,SW,SW,22,20,68,56,1019.8,1019.3,NA,NA,12,15.8,Yes,No
2009-07-18,BadgerysCreek,1.1,17.9,0,NA,NA,NW,26,NA,ENE,0,7,99,47,1022.6,1018.3,NA,NA,6.6,17.4,No,No
2009-07-19,BadgerysCreek,-0.3,19.5,0,NA,NA,WSW,30,NA,W,0,13,94,38,1021.1,1019.4,NA,NA,7.6,19.3,No,No
2009-07-20,BadgerysCreek,0.4,19.8,0.2,NA,NA,NE,20,NA,N,0,13,96,40,1025.1,1020.1,NA,NA,8,19.5,No,No
2009-07-21,BadgerysCreek,0.9,22.6,0,NA,NA,NNE,35,NA,NW,0,20,81,29,1021.4,1015.5,NA,NA,8.5,22.2,No,No
2009-07-22,BadgerysCreek,5.3,25.4,0,NA,NA,W,70,N,WNW,22,43,62,28,1011.3,1005.5,NA,NA,18.6,23.5,No,Yes
2009-07-23,BadgerysCreek,7.6,17,1.6,NA,NA,SW,46,ESE,SW,9,22,63,50,1012.7,1015.2,NA,NA,13.1,15.5,Yes,No
2009-07-24,BadgerysCreek,4,17,0,NA,NA,WSW,24,SW,N,15,4,72,46,1026.1,1024.4,NA,NA,9.8,16.7,No,No
2009-07-25,BadgerysCreek,-1.3,17.9,0.2,NA,NA,ENE,15,SW,NE,6,7,99,39,1026.4,1021.8,NA,NA,5.5,16.7,No,No
2009-07-26,BadgerysCreek,2.8,12.3,0,NA,NA,N,15,N,NNW,11,2,100,87,1019.2,1014.3,NA,NA,6.7,11.2,No,Yes
2009-07-27,BadgerysCreek,2.8,18.4,5.2,NA,NA,W,39,NA,WSW,0,19,67,36,1016.6,1015.7,NA,NA,11.8,17.7,Yes,No
2009-07-28,BadgerysCreek,0.9,18.1,0,NA,NA,SW,35,NNE,WSW,9,20,81,44,1022.6,1020.6,NA,NA,7.7,17.3,No,No
2009-07-29,BadgerysCreek,0.4,18.8,0,NA,NA,SW,37,NNE,SW,6,22,79,51,1024.4,1022.5,NA,NA,9.7,16.1,No,No
2009-07-30,BadgerysCreek,1.2,19.3,0,NA,NA,WSW,37,NNE,WNW,2,7,84,43,1024.5,1019.3,NA,NA,9,17.8,No,No
2009-07-31,BadgerysCreek,2.2,19.3,0,NA,NA,W,50,NA,SW,0,30,72,45,1020.1,1018.3,NA,NA,10.8,18.4,No,No
2009-08-01,BadgerysCreek,1.8,19,0,NA,NA,SW,33,NNW,SW,9,22,77,37,1025.6,1021.3,NA,NA,10.2,18.6,No,No
2009-08-02,BadgerysCreek,0,19.1,0,NA,NA,SW,19,NA,NNE,0,9,84,39,1027.8,1022.6,NA,NA,8.6,18.2,No,No
2009-08-03,BadgerysCreek,1.4,20.1,0,NA,NA,WSW,52,NNE,WSW,13,20,73,31,1020.1,1020,NA,NA,11.5,18.5,No,No
2009-08-04,BadgerysCreek,5.9,18.6,0,NA,NA,W,26,NA,W,0,9,84,39,1022,1017.6,NA,NA,8.9,18.4,No,No
2009-08-05,BadgerysCreek,0.5,19.5,0,NA,NA,N,17,NA,E,0,9,99,45,1022.9,1019.9,NA,NA,7.2,18.2,No,No
2009-08-06,BadgerysCreek,1.7,19.7,0,NA,NA,N,20,NA,N,0,13,99,38,1023.8,1018.9,NA,NA,7.3,19.2,No,No
2009-08-07,BadgerysCreek,1.7,23.4,0,NA,NA,SW,80,N,W,7,17,97,31,1015.9,1009.8,NA,NA,8.8,22.8,No,No
2009-08-08,BadgerysCreek,1.6,17.3,0,NA,NA,SW,35,SW,SSW,19,4,51,36,1023.7,1020.7,NA,NA,10.2,16.7,No,No
2009-08-09,BadgerysCreek,-0.9,18.1,0,NA,NA,SW,41,NA,NNE,0,11,73,31,1020.8,1017.5,NA,NA,7.7,17.1,No,No
2009-08-10,BadgerysCreek,-0.1,17.2,0,NA,NA,WSW,17,NA,NA,0,0,99,48,1019.8,1016.8,NA,NA,6.9,16.6,No,No
2009-08-11,BadgerysCreek,4.5,17.7,0,NA,NA,NNE,30,NA,NE,0,15,100,71,1017,1011.7,NA,NA,8,16.5,No,Yes
2009-08-12,BadgerysCreek,2.3,19.9,3,NA,NA,WNW,33,NA,WNW,0,17,99,33,1012.7,1009.4,NA,NA,9.1,19.6,Yes,No
2009-08-13,BadgerysCreek,1.3,20.3,0,NA,NA,WSW,31,NA,WSW,0,15,86,42,1014.1,1011.7,NA,NA,10.8,20.2,No,No
2009-08-14,BadgerysCreek,3.9,21.7,0,NA,NA,WSW,22,NA,WNW,0,4,69,34,1019.5,1016,NA,NA,13.2,21.5,No,No
2009-08-15,BadgerysCreek,1.4,22.4,0,NA,NA,WSW,22,N,NE,7,11,86,37,1019.6,1016.2,NA,NA,10.3,21.4,No,No
2009-08-16,BadgerysCreek,0,25.8,0.2,NA,NA,NW,50,NA,N,0,17,98,30,1015.7,1008.7,NA,NA,10.5,25.2,No,No
2009-08-17,BadgerysCreek,10.1,21.7,0,NA,NA,SW,54,SW,WSW,24,28,41,24,1013.8,1014.5,NA,NA,17.7,20.3,No,No
2009-08-18,BadgerysCreek,3.7,19.3,0,NA,NA,WSW,33,WSW,SE,11,7,49,32,1028.4,1026,NA,NA,11.9,17.9,No,No
2009-08-19,BadgerysCreek,0.9,20,0,NA,NA,NE,33,NA,NE,0,15,85,39,1028.2,1022.5,NA,NA,9,19.5,No,No
2009-08-20,BadgerysCreek,3.8,21.9,0,NA,NA,NW,30,NNE,ENE,9,9,99,34,1019.8,1014.1,NA,NA,8.8,21.6,No,No
2009-08-21,BadgerysCreek,3.3,27.1,0,NA,NA,NW,70,N,NW,11,31,69,23,1009.4,1001.9,NA,NA,12.7,26.4,No,No
2009-08-22,BadgerysCreek,8.4,20.2,0,NA,NA,W,37,WNW,NE,7,11,61,40,1012.9,1009.7,NA,NA,13,19.9,No,No
2009-08-23,BadgerysCreek,5.2,25.1,0,NA,NA,E,30,NA,E,0,17,79,43,1012.3,1007.5,NA,NA,14.9,24.8,No,No
2009-08-24,BadgerysCreek,10.1,23.5,0,NA,NA,NW,83,W,WNW,31,26,46,62,1005.6,1005.8,NA,NA,22.3,18,No,No
2009-08-25,BadgerysCreek,10.1,19.1,0.4,NA,NA,W,83,WNW,NA,20,NA,32,NA,1007.2,NA,NA,NA,15.5,NA,No,No
2009-08-26,BadgerysCreek,10.2,20.8,0,NA,NA,WNW,74,SSW,NW,9,31,32,24,1013.3,1010.7,NA,NA,14.2,20.2,No,No
2009-08-27,BadgerysCreek,3.5,24.1,0,NA,NA,NNW,37,NE,N,9,13,48,25,1017.5,1013,NA,NA,15,23.6,No,No
2009-08-28,BadgerysCreek,1.2,24.4,0,NA,NA,N,28,SW,NE,2,15,52,22,1016.9,1012.7,NA,NA,13.1,23.7,No,No
2009-08-29,BadgerysCreek,10.2,26.8,0,NA,NA,WNW,70,N,NNW,15,35,73,40,1008.3,998,NA,NA,13.6,25.8,No,No
2009-08-30,BadgerysCreek,11.8,18.5,0.2,NA,NA,WSW,69,SW,SSW,28,26,40,29,1011.4,1011.5,NA,NA,14.2,17.6,No,No
2009-08-31,BadgerysCreek,4,20.5,0,NA,NA,SW,41,N,SW,13,30,56,34,1017.9,1014.5,NA,NA,12.3,19.6,No,No
2009-09-01,BadgerysCreek,3.7,22,0,NA,NA,W,37,NNE,ENE,4,11,53,34,1021.9,1019,NA,NA,14.8,21.4,No,No
2009-09-02,BadgerysCreek,3.8,20.9,0,NA,NA,SE,31,W,SE,7,20,57,53,1025,1021.3,NA,NA,13.5,19,No,No
2009-09-03,BadgerysCreek,6.2,17.4,0,NA,NA,NNE,24,ENE,S,2,7,79,98,1020.8,1018.4,NA,NA,14.8,14.3,No,Yes
2009-09-04,BadgerysCreek,9.5,24.9,7.6,NA,NA,WNW,44,NNE,NW,7,26,98,36,1014.7,1009.9,NA,NA,13.5,24,Yes,No
2009-09-05,BadgerysCreek,9.8,21.4,0,NA,NA,SW,43,SW,NA,22,NA,45,NA,1016.6,NA,NA,NA,16.4,NA,No,No
2009-09-06,BadgerysCreek,3.5,21.2,0,NA,NA,ENE,31,WSW,N,6,19,67,41,1019.1,1013.4,NA,NA,12.3,20.6,No,No
2009-09-07,BadgerysCreek,7.6,21.3,0,NA,NA,W,76,W,ENE,9,11,92,53,1009,1000.6,NA,NA,11.5,20.4,No,Yes
2009-09-08,BadgerysCreek,5.6,20.1,5,NA,NA,W,35,N,NNW,9,22,60,42,1008.5,1007,NA,NA,15.4,19,Yes,No
2009-09-09,BadgerysCreek,4.1,20.5,0.2,NA,NA,WSW,43,W,WSW,13,30,49,41,1010.6,1009.7,NA,NA,14.7,18.5,No,No
2009-09-10,BadgerysCreek,2.6,22.3,0,NA,NA,WSW,26,NA,NNW,0,7,59,29,1016.3,1013.7,NA,NA,14.9,21.3,No,No
2009-09-11,BadgerysCreek,2.5,23.2,0,NA,NA,NNE,24,NNW,NNE,4,11,58,25,1022.9,1018.7,NA,NA,14.3,22.8,No,No
2009-09-12,BadgerysCreek,2.7,29.4,0,NA,NA,NNE,28,N,NE,6,17,52,24,1022.5,1018.6,NA,NA,15.3,29,No,No
2009-09-13,BadgerysCreek,4.4,30.6,0,NA,NA,NW,50,N,WNW,9,28,42,14,1019.8,1015.8,NA,NA,19.6,30.1,No,No
2009-09-14,BadgerysCreek,9.6,21,0,NA,NA,SE,39,SSE,ESE,26,15,65,64,1022.1,1021.6,NA,NA,18.5,16.8,No,No
2009-09-15,BadgerysCreek,13.1,23.3,0,NA,NA,ESE,28,NA,NE,0,13,82,54,1021.8,1016,NA,NA,15.8,22.9,No,No
2009-09-16,BadgerysCreek,10,21.5,0,NA,NA,E,20,WSW,E,9,11,65,76,1023.2,1019.8,NA,NA,17,20.1,No,No
2009-09-17,BadgerysCreek,12.4,32.7,0,NA,NA,NNW,54,NNE,NNW,11,28,99,24,1017.8,1010,NA,NA,16,30.5,No,No
2009-09-18,BadgerysCreek,12.6,24.7,0.2,NA,NA,W,48,SW,SSE,31,22,50,49,1018.4,1018.1,NA,NA,20.5,21.1,No,No
2009-09-19,BadgerysCreek,9.2,25,0,NA,NA,N,26,NNE,NNE,13,9,63,40,1019,1012.2,NA,NA,17.6,24.7,No,No
2009-09-20,BadgerysCreek,7.2,28.7,0,NA,NA,WSW,69,ENE,SSW,6,19,56,42,1015.2,1010.7,NA,NA,19.1,25.9,No,No
2009-09-21,BadgerysCreek,9.3,24.3,1,NA,NA,N,35,SW,SE,4,19,70,62,1015.2,1011.6,NA,NA,18.1,18.9,No,No
2009-09-22,BadgerysCreek,11.2,31.1,0.2,NA,NA,W,72,N,N,13,31,57,36,1003,998.2,NA,NA,24.1,30.5,No,Yes
2009-09-23,BadgerysCreek,15.1,21.1,12.6,NA,NA,NW,80,NW,WNW,35,20,48,43,997.6,999,NA,NA,16,19.3,Yes,No
2009-09-24,BadgerysCreek,12.7,23.1,0.2,NA,NA,WSW,50,WSW,W,17,28,40,32,1012.7,1010.8,NA,NA,18.3,21.7,No,No
2009-09-25,BadgerysCreek,4.3,26.5,0,NA,NA,NW,39,N,N,13,17,51,27,1013.7,1006.2,NA,NA,17,25.9,No,No
2009-09-26,BadgerysCreek,14.1,18.8,0,NA,NA,NW,80,WNW,WNW,48,37,32,25,1004.9,1004.9,NA,NA,16.1,17.1,No,No
2009-09-27,BadgerysCreek,7.1,16.8,0,NA,NA,WNW,72,WSW,W,28,28,36,30,1007.5,1005.3,NA,NA,12.9,16.4,No,No
2009-09-28,BadgerysCreek,5.1,20.9,0,NA,NA,WSW,56,WSW,SW,30,28,45,33,1008.2,1006.4,NA,NA,15.3,19.2,No,No
2009-09-29,BadgerysCreek,4.3,23.2,0,NA,NA,ESE,35,WSW,N,6,6,50,28,1014.3,1011.2,NA,NA,15.6,22.3,No,No
2009-09-30,BadgerysCreek,4.7,27.6,0,NA,NA,NW,37,N,WNW,6,24,54,16,1018.2,1011.9,NA,NA,16,26.8,No,No
2009-10-01,BadgerysCreek,6.5,32.3,0,NA,NA,NNW,44,NA,WNW,0,22,49,13,1013.9,1007.9,NA,NA,17.5,31.6,No,No
2009-10-02,BadgerysCreek,10.7,20.8,0,NA,NA,ENE,31,SW,ESE,9,20,68,72,1013.5,1008.9,NA,NA,17.9,18,No,Yes
2009-10-03,BadgerysCreek,13.3,15.4,4.2,NA,NA,SSW,41,SW,S,24,22,74,78,1012.9,1014.7,NA,NA,14.1,14.1,Yes,Yes
2009-10-04,BadgerysCreek,10.5,17.1,7,NA,NA,E,24,S,ESE,11,6,93,81,1022.3,1020.1,NA,NA,12.2,14.6,Yes,NA
2009-10-05,BadgerysCreek,NA,21,NA,NA,NA,S,46,NA,ENE,NA,6,NA,57,1020.6,1016.9,NA,NA,NA,18.7,NA,Yes
2009-10-06,BadgerysCreek,8,21,13.6,NA,NA,SW,35,SW,NNE,17,22,79,52,1020.7,1016,NA,NA,14.5,20,Yes,No
2009-10-07,BadgerysCreek,4.5,19.2,0.2,NA,NA,WSW,69,SW,WSW,15,37,56,43,1014.6,1012.7,NA,NA,12.5,15.5,No,No
2009-10-08,BadgerysCreek,9.6,19.5,0.4,NA,NA,SW,57,SW,S,35,31,49,37,1019,1020,NA,NA,13.3,18.2,No,No
2009-10-09,BadgerysCreek,6.8,17.7,0,NA,NA,S,54,SW,SSE,20,22,63,64,1026,1026.5,NA,NA,13.2,14.7,No,No
2009-10-10,BadgerysCreek,7,19,0.8,NA,NA,E,35,SSW,SE,19,19,64,55,1030,1027.2,NA,NA,13.8,16.8,No,No
2009-10-11,BadgerysCreek,9.3,19.5,0.2,NA,NA,N,35,W,N,9,20,80,65,1025.6,1019.8,NA,NA,14,16.3,No,No
2009-10-12,BadgerysCreek,5.8,22.6,0,NA,NA,WNW,56,NA,S,0,4,82,67,1011.7,1006.5,NA,NA,13.2,18.7,No,No
2009-10-13,BadgerysCreek,13,24,0,NA,NA,NW,74,WNW,NW,24,37,37,27,1001.7,999.1,NA,NA,19.6,23.7,No,No
2009-10-14,BadgerysCreek,11.9,21.7,0,NA,NA,WNW,70,WNW,W,22,31,36,46,1000.8,1001.1,NA,NA,19.1,16.5,No,Yes
2009-10-15,BadgerysCreek,7.6,22.2,1.8,NA,NA,WSW,50,N,W,9,31,55,33,1008.5,1006.9,NA,NA,16.8,20.7,Yes,No
2009-10-16,BadgerysCreek,5,21.4,0,NA,NA,W,59,WSW,WSW,33,28,43,26,1012.1,1012.4,NA,NA,15.1,20.9,No,No
2009-10-17,BadgerysCreek,5.7,23,0,NA,NA,ENE,35,WSW,E,13,22,55,35,1021.3,1019.5,NA,NA,15.9,21.8,No,No
2009-10-18,BadgerysCreek,8.9,22.8,0,NA,NA,ENE,35,SW,ENE,13,17,70,47,1027.8,1024.4,NA,NA,14.9,21.1,No,No
2009-10-19,BadgerysCreek,7.1,24.6,0,NA,NA,ESE,35,NA,SE,0,20,71,44,1027.3,1023.7,NA,NA,15.7,23.3,No,No
2009-10-20,BadgerysCreek,8.5,31.4,0,NA,NA,SSE,30,NNE,ESE,7,13,74,29,1023.7,1017.6,NA,NA,17.1,29.6,No,No
2009-10-21,BadgerysCreek,9.2,34.7,0,NA,NA,E,39,NA,SE,0,7,47,12,1020.2,1016.4,NA,NA,20,33.9,No,No
2009-10-22,BadgerysCreek,16,24,0,NA,NA,E,31,E,E,7,15,74,54,1025.1,1021.8,NA,NA,17.8,23,No,No
2009-10-23,BadgerysCreek,15.4,32.4,0,NA,NA,SW,43,N,ENE,9,11,67,37,1020,1013.9,NA,NA,19.3,30.9,No,No
2009-10-24,BadgerysCreek,13.3,25.9,0,NA,NA,E,37,SSE,ENE,6,20,62,46,1020,1015.3,NA,NA,18.3,25.4,No,No
2009-10-25,BadgerysCreek,14.9,19.5,0,NA,NA,SSE,57,ENE,WSW,2,7,73,82,1016.1,1015.6,NA,NA,19.2,17,No,Yes
2009-10-26,BadgerysCreek,12.3,16.7,14.6,NA,NA,SSE,50,S,SSE,13,20,97,64,1024.5,1026.2,NA,NA,12.9,15.5,Yes,NA
2009-10-27,BadgerysCreek,NA,17.3,NA,NA,NA,NNE,19,NA,N,NA,4,NA,65,1030.1,1027.9,NA,NA,NA,16.7,NA,NA
2009-10-28,BadgerysCreek,NA,26.1,NA,NA,NA,E,31,NNE,SSE,9,11,84,52,1026.1,1021.5,NA,NA,16.7,24.6,NA,No
2009-10-29,BadgerysCreek,15.6,23.8,0.2,NA,NA,E,33,SW,ENE,11,15,79,60,1026.6,1023.3,NA,NA,17.9,22,No,No
2009-10-30,BadgerysCreek,13.7,28.1,0,NA,NA,ENE,35,SSW,NE,2,13,76,48,1023.5,1019.8,NA,NA,20,27.3,No,No
2009-10-31,BadgerysCreek,15.6,26.2,0,NA,NA,E,35,NE,ESE,13,20,72,53,1025.2,1022.5,NA,NA,21.6,24.4,No,No
2009-11-01,BadgerysCreek,11.7,30.5,0,NA,NA,NNE,28,NNE,NNE,11,19,73,36,1024.7,1018.9,NA,NA,19,28.4,No,No
2009-11-02,BadgerysCreek,14.8,29.9,0,NA,NA,ESE,35,NNE,E,9,22,72,57,1020.9,1016.7,NA,NA,22.2,28.3,No,No
2009-11-03,BadgerysCreek,17.1,38.7,0,NA,NA,NW,85,NNE,NW,11,33,75,16,1012,1006.3,NA,NA,23.1,38.2,No,No
2009-11-04,BadgerysCreek,17.5,20.3,0,NA,NA,SE,33,E,ESE,20,13,79,76,1017.4,1015.4,NA,NA,18.6,19.7,No,No
2009-11-05,BadgerysCreek,14.4,21.8,0.2,NA,NA,SE,33,S,ESE,11,20,73,67,1021.2,1021.5,NA,NA,19.4,19.7,No,Yes
2009-11-06,BadgerysCreek,14.5,21.2,3,NA,NA,SSW,28,SSE,SSW,11,7,80,64,1027.9,1026.8,NA,NA,18,19.7,Yes,Yes
2009-11-07,BadgerysCreek,15.6,25.6,2.4,NA,NA,E,41,ESE,E,7,20,85,52,1030.9,1029.4,NA,NA,19.3,23.1,Yes,No
2009-11-08,BadgerysCreek,13.3,21.8,0.2,NA,NA,ESE,24,SW,ESE,11,13,85,85,1031.2,1028.7,NA,NA,18.3,20.7,No,No
2009-11-09,BadgerysCreek,16.1,28.7,0.8,NA,NA,ESE,37,N,N,7,11,79,39,1027.3,1022.7,NA,NA,20.4,27.6,No,No
2009-11-10,BadgerysCreek,11.3,30.3,0,NA,NA,NE,35,W,ENE,4,13,71,25,1022.7,1018.8,NA,NA,19.2,29,No,No
2009-11-11,BadgerysCreek,11.4,28.2,0,NA,NA,E,35,SW,E,7,22,62,46,1022.7,1020.6,NA,NA,21.7,26.8,No,No
2009-11-12,BadgerysCreek,11.5,37,0,NA,NA,SSE,59,NNW,N,7,19,68,22,1020.1,1012.2,NA,NA,20.9,35.9,No,No
2009-11-13,BadgerysCreek,17.6,22.3,0,NA,NA,SE,31,SSE,SSE,19,15,67,55,1020.4,1018.9,NA,NA,20.5,22,No,No
2009-11-14,BadgerysCreek,9.7,32.4,0,NA,NA,E,31,NNE,NE,11,15,66,24,1016.6,1010.2,NA,NA,18.5,30.6,No,No
2009-11-15,BadgerysCreek,13.2,29,0,NA,NA,E,35,SSW,NA,11,NA,38,NA,1012.2,NA,NA,NA,25.3,NA,No,No
2009-11-16,BadgerysCreek,17.8,37.3,0,NA,NA,WSW,41,NNE,N,13,17,65,35,1008.9,1001.6,NA,NA,22.8,33.8,No,No
2009-11-17,BadgerysCreek,18.3,23.9,0,NA,NA,S,37,ESE,E,11,26,62,51,1008.9,1009.6,NA,NA,21.2,21.1,No,No
2009-11-18,BadgerysCreek,15.4,30.1,0,NA,NA,E,37,N,ENE,15,17,60,38,1013,1009.2,NA,NA,20.7,29.6,No,No
2009-11-19,BadgerysCreek,14.4,36.7,0,NA,NA,SSW,30,NE,E,6,15,65,32,1010.9,1008.1,NA,NA,23.4,34.8,No,No
2009-11-20,BadgerysCreek,17.5,41.9,0,NA,NA,N,48,N,NE,2,22,60,31,1010.1,1005.6,NA,NA,27.6,33.8,No,No
2009-11-21,BadgerysCreek,21.8,35.3,0.4,NA,NA,E,33,WSW,E,17,17,45,30,1010.6,1005.9,NA,NA,26.6,34.6,No,No
2009-11-22,BadgerysCreek,17.9,41.6,0,NA,NA,NW,70,N,NNW,9,35,70,15,1005,1001.1,NA,NA,24,40.2,No,Yes
2009-11-23,BadgerysCreek,17.6,20.8,1.6,NA,NA,SSE,44,SE,SSE,19,15,70,86,1021.1,1022.7,NA,NA,19.3,17.1,Yes,Yes
2009-11-24,BadgerysCreek,14.7,22.7,5.8,NA,NA,SW,20,SW,S,13,7,84,69,1026.9,1024.3,NA,NA,17,22.5,Yes,No
2009-11-25,BadgerysCreek,16.2,31.9,0,NA,NA,ENE,33,N,NE,7,15,73,35,1022.2,1017.2,NA,NA,22.1,31.2,No,No
2009-11-26,BadgerysCreek,17.1,33.3,0,NA,NA,SSW,44,SE,E,9,22,69,41,1017.6,1009.9,NA,NA,23.5,33,No,Yes
2009-11-27,BadgerysCreek,17.9,34.5,2.8,NA,NA,NW,48,NNW,WNW,20,26,50,25,1009.9,1006.8,NA,NA,25.1,33.6,Yes,No
2009-11-28,BadgerysCreek,15.6,39.8,0,NA,NA,NW,65,NE,NW,4,35,49,12,1006.7,999.2,NA,NA,24.1,38.2,No,No
2009-11-29,BadgerysCreek,16.2,31.2,0,NA,NA,NW,61,NW,WNW,17,31,26,19,1001,999.3,NA,NA,25.2,29.7,No,No
2009-11-30,BadgerysCreek,13.2,23,0,NA,NA,S,43,SSW,S,15,20,51,90,1008.4,1009.9,NA,NA,20.4,15.7,No,Yes
2009-12-01,BadgerysCreek,12.9,23.4,4.6,NA,NA,SE,48,S,SSE,22,28,51,37,1016.7,1016.8,NA,NA,17.7,21.7,Yes,No
2009-12-02,BadgerysCreek,12.9,23.6,0.6,NA,NA,SW,31,SSW,SE,19,15,60,41,1022.4,1021,NA,NA,18.6,22.7,No,No
2009-12-03,BadgerysCreek,10.1,30.5,0.2,NA,NA,E,41,NNE,ENE,11,20,57,24,1022.5,1016.4,NA,NA,18.9,28.9,No,No
2009-12-04,BadgerysCreek,12.9,27.3,0,NA,NA,SSE,37,ENE,SE,9,22,59,48,1015.5,1015,NA,NA,23,24.6,No,No
2009-12-05,BadgerysCreek,14.1,30.7,0,NA,NA,ESE,43,ENE,SW,7,9,59,27,1015.6,1011.3,NA,NA,19.5,29.3,No,No
2009-12-06,BadgerysCreek,14.9,30.2,0,NA,NA,E,48,E,ENE,13,22,59,43,1017.3,1013.5,NA,NA,23.5,29.8,No,No
2009-12-07,BadgerysCreek,17.2,39.4,0,NA,NA,W,43,N,NW,9,13,64,13,1012.1,1006.2,NA,NA,24.2,38,No,No
2009-12-08,BadgerysCreek,16.5,36.3,0,NA,NA,SSE,50,NW,NNE,6,20,73,29,1009.8,999.1,NA,NA,20.9,35.4,No,No
2009-12-09,BadgerysCreek,16.5,26.1,0.6,NA,NA,E,37,SE,ENE,13,19,64,51,1011.1,1009.6,NA,NA,20,23.6,No,No
2009-12-10,BadgerysCreek,19.2,32.5,0,NA,NA,WNW,56,NNW,NNE,11,22,65,33,1011.5,1005.2,NA,NA,22.2,29.9,No,No
2009-12-11,BadgerysCreek,17,29.9,0,NA,NA,NA,NA,WSW,SSW,26,22,26,11,1012.9,1012.6,NA,NA,22.6,28.5,No,NA
2009-12-12,BadgerysCreek,NA,32.6,NA,NA,NA,SSE,43,NA,NA,NA,NA,NA,NA,NA,NA,NA,NA,NA,NA,NA,No
2009-12-13,BadgerysCreek,15.3,30.8,0,NA,NA,SE,43,ESE,SSE,7,26,61,43,1016.5,1014.3,NA,NA,23.3,27.7,No,No
2009-12-14,BadgerysCreek,17.9,21.8,0,NA,NA,SE,26,S,SE,9,15,84,71,1021.6,1021.1,NA,NA,19,20.5,No,No
2009-12-15,BadgerysCreek,15.5,27.4,0,NA,NA,NE,37,N,NE,7,24,70,56,1022.7,1019.5,NA,NA,21.5,25,No,No
2009-12-16,BadgerysCreek,20.8,34.8,0.2,NA,NA,ESE,35,NE,ENE,13,24,64,43,1020.2,1014.5,NA,NA,23.8,33.2,No,No
2009-12-17,BadgerysCreek,17.7,42.5,0,NA,NA,N,57,ENE,N,6,41,63,18,1013.7,1007.1,NA,NA,26.9,40.3,No,Yes
2009-12-18,BadgerysCreek,18.8,21,4.2,NA,NA,SW,54,NNE,ESE,7,9,88,95,1015.1,1017.2,NA,NA,19.1,16.6,Yes,Yes
2009-12-19,BadgerysCreek,15,31.6,4.2,NA,NA,ESE,43,N,E,15,15,68,25,1015.5,1012.5,NA,NA,20.8,30.7,Yes,No
2009-12-20,BadgerysCreek,17.4,23.1,0.2,NA,NA,NE,28,S,NNE,11,17,74,60,1021.5,1019.3,NA,NA,18.6,22,No,No
2009-12-21,BadgerysCreek,16.6,30.4,0,NA,NA,NE,37,NNE,E,17,24,61,53,1016.8,1011.4,NA,NA,22.5,27.5,No,No
2009-12-22,BadgerysCreek,16.1,36.8,0.2,NA,NA,E,43,ENE,ESE,2,20,66,31,1011.7,1008.6,NA,NA,23.7,31.4,No,No
2009-12-23,BadgerysCreek,16.1,37.3,0.2,NA,NA,N,43,NE,N,11,17,51,20,1015.4,1011.1,NA,NA,25.7,34.9,No,No
2009-12-24,BadgerysCreek,17.4,38.4,0,NA,NA,ENE,44,NNE,E,11,28,46,27,1012.9,1008.4,NA,NA,26.3,33.5,No,No
2009-12-25,BadgerysCreek,19.4,28.7,0,NA,NA,SE,26,W,SSE,11,9,59,70,1010.7,1010.7,NA,NA,26.5,24.8,No,Yes
2009-12-26,BadgerysCreek,16.3,20.4,10.4,NA,NA,SW,20,SW,S,13,9,90,84,1016.5,1016.7,NA,NA,17.1,18.4,Yes,No
2009-12-27,BadgerysCreek,17,22.8,1,NA,NA,NNE,17,SSW,NE,9,11,86,80,1018.4,1016.1,NA,NA,20.3,22.3,No,Yes
2009-12-28,BadgerysCreek,19,26.2,23.4,NA,NA,E,31,W,NA,9,NA,99,NA,1015.6,NA,NA,NA,19.6,NA,Yes,Yes
2009-12-29,BadgerysCreek,17.2,28.1,1.6,NA,NA,SSE,33,S,SE,15,20,68,43,1021.7,1020.9,NA,NA,21.7,27,Yes,No
2009-12-30,BadgerysCreek,15.4,27.2,0,NA,NA,ENE,31,S,E,17,15,67,47,1025.6,1022.7,NA,NA,21.2,26.5,No,No
2009-12-31,BadgerysCreek,17.2,28.2,0,NA,NA,N,35,NA,NNE,0,15,84,68,1021.3,1016.9,NA,NA,19.9,24.8,No,No
2010-01-01,BadgerysCreek,19.6,29.1,0,NA,NA,NNW,43,NNE,N,11,20,83,56,1014.2,1010.6,NA,NA,22.4,28.2,No,No
2010-01-02,BadgerysCreek,20.3,30.3,0,NA,NA,SE,41,NNE,NE,9,9,72,64,1007.9,1005.5,NA,NA,24.5,28.6,No,Yes
2010-01-03,BadgerysCreek,17.8,20.1,7.2,NA,NA,SE,30,WSW,ESE,9,17,92,79,1015.8,1015.9,NA,NA,18,19.3,Yes,No
2010-01-04,BadgerysCreek,16.5,24,0.8,NA,NA,NE,28,S,NE,6,17,83,66,1020.8,1018.7,NA,NA,19.6,22.6,No,No
2010-01-05,BadgerysCreek,15.4,34,0,NA,NA,SW,43,NNE,NE,7,17,69,35,1018,1013.1,NA,NA,21.5,33.3,No,No
2010-01-06,BadgerysCreek,20,31,0,NA,NA,E,35,NE,E,11,22,69,55,1015.7,1012.8,NA,NA,25,28.4,No,No
2010-01-07,BadgerysCreek,19.4,24.1,0,NA,NA,NA,NA,S,ESE,7,17,70,57,1018.6,1017.2,NA,NA,20.7,23.2,No,NA
2010-01-08,BadgerysCreek,17.9,29.8,NA,NA,NA,NA,NA,NA,ENE,NA,17,84,51,1022.1,1018.7,NA,NA,20.3,27.7,NA,NA
2010-01-09,BadgerysCreek,NA,38.6,NA,NA,NA,E,33,NA,WSW,NA,17,NA,23,NA,1014.1,NA,NA,NA,37.7,NA,No
2010-01-10,BadgerysCreek,19.9,35.5,0,NA,NA,ESE,35,S,NA,6,NA,46,NA,1016.2,NA,NA,NA,30.8,NA,No,No
2010-01-11,BadgerysCreek,19.3,30.7,0,NA,NA,E,37,NE,NE,11,22,63,50,1019.6,1015.1,NA,NA,24.7,28.8,No,No
2010-01-12,BadgerysCreek,20.8,40.1,0,NA,NA,NNE,50,N,NNE,13,15,79,39,1013.2,1007.4,NA,NA,23.9,37.8,No,No
2010-01-13,BadgerysCreek,21.6,33.2,0,NA,NA,SSE,48,ENE,SE,11,24,66,58,1010.7,1010.5,NA,NA,27.6,27.8,No,Yes
2010-01-14,BadgerysCreek,17.9,23.9,15.4,NA,NA,S,26,S,E,11,17,92,68,1018.1,1017.1,NA,NA,18.9,22.9,Yes,No
2010-01-15,BadgerysCreek,18.7,27.2,0,NA,NA,E,30,WSW,E,7,13,82,66,1019.3,1017,NA,NA,20.6,25.6,No,No
2010-01-16,BadgerysCreek,20.5,29.5,0,NA,NA,W,63,NNE,N,15,17,74,57,1014,1009,NA,NA,22.9,27.3,No,Yes
2010-01-17,BadgerysCreek,16.2,29.4,6.4,NA,NA,SE,35,ENE,SE,13,19,71,60,1003.9,1002.8,NA,NA,23.6,26,Yes,No
2010-01-18,BadgerysCreek,12,25,0.2,NA,NA,SW,65,WSW,SW,22,33,40,21,1003.4,1003.1,NA,NA,20.3,24.4,No,No
2010-01-19,BadgerysCreek,10,29,0,NA,NA,NW,59,SW,WSW,17,11,44,22,1009.8,1006.6,NA,NA,18.1,27.4,No,No
2010-01-20,BadgerysCreek,11.7,36.8,0,NA,NA,NNW,44,N,N,7,11,36,15,1010.5,1006.8,NA,NA,22.5,33.4,No,No
2010-01-21,BadgerysCreek,15.8,39.7,0,NA,NA,ESE,37,N,ENE,6,6,67,23,1012.5,1007.4,NA,NA,23.6,36.6,No,No
2010-01-22,BadgerysCreek,17.1,40.6,0,NA,NA,N,59,NA,N,0,20,65,20,1013.9,1007.8,NA,NA,24.8,39,No,No
2010-01-23,BadgerysCreek,18.9,43,0.4,NA,NA,SE,54,SE,NW,11,33,53,12,1008.5,1005.2,NA,NA,27.9,42.2,No,Yes
2010-01-24,BadgerysCreek,17,25.3,1.4,NA,NA,E,31,SSW,N,9,11,94,61,1017.1,1014.1,NA,NA,17.4,25,Yes,NA
2010-01-25,BadgerysCreek,17.1,30.8,NA,NA,NA,E,35,NE,E,2,13,77,52,1015.2,1010.9,NA,NA,21.9,29.3,NA,No
2010-01-26,BadgerysCreek,21.1,37.3,0,NA,NA,ESE,41,NNE,NA,9,NA,79,38,1011.3,1006,NA,NA,24.3,35.9,No,No
2010-01-27,BadgerysCreek,22.8,29.6,0,NA,NA,NA,NA,SE,E,13,22,65,63,1015.4,1012.8,NA,NA,24.1,25.7,No,Yes
2010-01-28,BadgerysCreek,19.5,29.7,3,NA,NA,NE,35,NA,ENE,NA,15,83,73,1012.3,1009.2,NA,NA,22.5,25.3,Yes,Yes
2010-01-29,BadgerysCreek,16.6,30.9,5.6,NA,NA,NA,NA,SW,E,2,19,99,54,1008.9,1009.6,NA,NA,20.3,29.6,Yes,NA
2010-01-30,BadgerysCreek,19.6,28.2,NA,NA,NA,NE,37,NA,NA,NA,NA,NA,NA,NA,NA,NA,NA,NA,NA,NA,No
2010-01-31,BadgerysCreek,19,29.8,0.4,NA,NA,NNE,54,E,NA,4,NA,79,NA,1016.9,NA,NA,NA,23.9,NA,No,No
2010-02-01,BadgerysCreek,17.5,31.6,0.6,NA,NA,E,44,NA,NE,0,26,79,48,1016.3,1015.3,NA,NA,23.6,29.3,No,Yes
2010-02-02,BadgerysCreek,19,27.7,1.4,NA,NA,SE,44,ESE,SE,17,22,61,54,1018.4,1016.5,NA,NA,23.2,25.8,Yes,Yes
2010-02-03,BadgerysCreek,20,28,19.8,NA,NA,NA,NA,ESE,ENE,15,28,90,60,1015.1,1013.8,NA,NA,23.1,27.6,Yes,NA
2010-02-04,BadgerysCreek,21.3,27.5,NA,NA,NA,ENE,43,NA,ENE,NA,24,NA,69,NA,1010.7,NA,NA,NA,27.1,NA,Yes
2010-02-05,BadgerysCreek,22,29.1,13.8,NA,NA,NE,41,NE,NW,2,13,85,72,1010.4,1008.3,NA,NA,24.6,27.3,Yes,Yes
2010-02-06,BadgerysCreek,19.5,25.2,21.8,NA,NA,SSE,46,SSW,NA,15,NA,85,NA,1016.8,NA,NA,NA,21.2,NA,Yes,Yes
2010-02-07,BadgerysCreek,19,26.7,25.6,NA,NA,SSW,39,SW,ENE,13,4,89,77,1021.9,1020.4,NA,NA,20.9,24.9,Yes,Yes
2010-02-08,BadgerysCreek,20.7,26.8,7,NA,NA,E,28,ESE,WNW,9,19,94,81,1023.1,1022,NA,NA,22.5,23.9,Yes,Yes
2010-02-09,BadgerysCreek,20,29.9,1.2,NA,NA,ENE,30,WSW,NNE,4,15,83,53,1023.3,1020.5,NA,NA,23.1,28.5,Yes,No
2010-02-10,BadgerysCreek,17.9,32.4,0.2,NA,NA,ENE,28,SW,E,6,9,86,43,1021.1,1016.8,NA,NA,21.9,31.5,No,No
2010-02-11,BadgerysCreek,19.3,33.1,0,NA,NA,NA,NA,NA,NNE,0,11,82,42,1017.4,1012.6,NA,NA,23.9,32.8,No,NA
2010-02-12,BadgerysCreek,19.6,36.6,NA,NA,NA,NA,NA,NA,NW,NA,13,80,35,1009,1006,NA,NA,24.5,34.9,NA,NA
2010-02-13,BadgerysCreek,20.9,25,NA,NA,NA,S,19,NA,NNE,NA,7,NA,77,NA,1010.5,NA,NA,NA,24.6,NA,Yes
2010-02-14,BadgerysCreek,21.3,26.7,20.8,NA,NA,SW,39,NA,E,0,19,97,92,1007.6,1003.9,NA,NA,22.1,23.8,Yes,Yes
2010-02-15,BadgerysCreek,19.9,32.7,3.6,NA,NA,WSW,52,NNW,ESE,6,4,94,54,1007,1003.4,NA,NA,22,30.3,Yes,No
2010-02-16,BadgerysCreek,18.3,25.9,0.2,NA,NA,SW,41,SW,S,22,24,61,56,1012.6,1013.7,NA,NA,23,24.8,No,No
2010-02-17,BadgerysCreek,15.2,27.1,0,NA,NA,NA,NA,SW,ENE,13,11,68,50,1017.1,1015.5,NA,NA,19.9,26.3,No,NA
2010-02-18,BadgerysCreek,15.5,25.3,NA,NA,NA,E,39,NA,SE,NA,20,NA,48,NA,1023.2,NA,NA,NA,24.5,NA,No
2010-02-19,BadgerysCreek,15,25.7,0,NA,NA,NE,26,SSW,NE,6,17,81,56,1025,1022.7,NA,NA,20.1,24.5,No,No
2010-02-20,BadgerysCreek,15.1,29.7,0,NA,NA,N,35,NA,NNE,0,19,79,45,1022.2,1017.6,NA,NA,19.9,28.6,No,No
2010-02-21,BadgerysCreek,16.2,33.7,0,NA,NA,NNW,24,SW,NNE,7,11,85,43,1018.3,1014.1,NA,NA,21.2,33.2,No,No
2010-02-22,BadgerysCreek,18.3,35.8,0,NA,NA,NA,NA,N,NW,7,17,76,32,1015.8,1011.7,NA,NA,24.1,34.7,No,NA
2010-02-23,BadgerysCreek,20.5,29.7,NA,NA,NA,SE,37,NA,ESE,NA,22,NA,59,NA,1015.7,NA,NA,NA,24.5,NA,No
2010-02-24,BadgerysCreek,18.3,24.9,0,NA,NA,E,31,SSW,ENE,9,15,67,60,1022.2,1021.2,NA,NA,19.5,23.9,No,No
2010-02-25,BadgerysCreek,14.6,25.3,0,NA,NA,E,35,SSW,NA,2,NA,70,52,1026.7,1026.1,NA,NA,20.6,24.3,No,No
2010-02-26,BadgerysCreek,13.2,25.8,0,NA,NA,NE,30,SW,N,15,15,72,61,1027.5,1024.7,NA,NA,19.1,23.6,No,No
2010-02-27,BadgerysCreek,13.8,31.6,0,NA,NA,NA,NA,NA,N,0,9,86,37,1022,1017.4,NA,NA,18.9,30.5,No,NA
2010-02-28,BadgerysCreek,17.4,28.9,NA,NA,NA,SSW,50,NA,SSW,NA,22,NA,78,NA,1015.5,NA,NA,NA,21.5,NA,Yes
2010-03-01,BadgerysCreek,16.8,19.5,12.8,NA,NA,S,37,SW,S,19,19,70,78,1019.8,1019.6,NA,NA,17.2,18.5,Yes,Yes
2010-03-02,BadgerysCreek,14.2,21.4,1.8,NA,NA,SE,31,SSW,ESE,15,20,73,53,1020.1,1018.6,NA,NA,16.5,20.8,Yes,No
2010-03-03,BadgerysCreek,13,24.5,0,NA,NA,ENE,28,S,ESE,11,17,66,53,1019.9,1018.1,NA,NA,19.2,24.2,No,No
2010-03-04,BadgerysCreek,14.1,25.7,0,NA,NA,NE,33,WSW,ENE,9,22,84,63,1017.1,1013.7,NA,NA,18.2,25,No,No
2010-03-05,BadgerysCreek,17.5,24.1,0,NA,NA,NE,20,ENE,NA,9,NA,80,NA,1012.4,NA,NA,NA,21.9,NA,No,Yes
2010-03-06,BadgerysCreek,19.6,30.3,11.2,NA,NA,NE,28,N,NNE,9,7,93,58,1012.3,1010.5,NA,NA,21.1,29.1,Yes,No
2010-03-07,BadgerysCreek,20.5,28,0,NA,NA,N,48,ESE,NNE,11,30,85,69,1014.3,1011.6,NA,NA,22.8,25.9,No,No
2010-03-08,BadgerysCreek,19.8,30.8,0,NA,NA,N,43,NNE,N,13,28,82,52,1011.8,1009.3,NA,NA,23.4,29,No,NA
2010-03-09,BadgerysCreek,14.9,28.7,NA,NA,NA,WSW,35,NNW,W,17,19,57,42,1013.9,1012.9,NA,NA,21.7,27.7,NA,NA
2010-03-10,BadgerysCreek,14.1,21,NA,NA,NA,S,31,SW,NA,17,NA,66,NA,1021.8,NA,NA,NA,18.9,NA,NA,No
2010-03-11,BadgerysCreek,14,23.6,0,NA,NA,SE,35,SSW,SE,19,19,62,48,1032.2,1031.9,NA,NA,18,21.6,No,No
2010-03-12,BadgerysCreek,14.5,24.3,0,NA,NA,ENE,35,SSE,ESE,13,17,66,50,1036.2,1034.9,NA,NA,19.2,23.9,No,No
2010-03-13,BadgerysCreek,13.2,23.1,0,NA,NA,SSE,35,SW,S,15,17,72,53,1035.4,1033.2,NA,NA,19.2,22.8,No,Yes
2010-03-14,BadgerysCreek,15,25.6,1.6,NA,NA,E,28,SW,ENE,11,13,78,44,1031.2,1027.7,NA,NA,19.2,24.8,Yes,No
2010-03-15,BadgerysCreek,14.8,27.3,0,NA,NA,E,28,SW,NNE,7,13,81,50,1026.4,1022.1,NA,NA,18.3,26.5,No,No
2010-03-16,BadgerysCreek,12.6,28.2,0,NA,NA,ENE,28,SW,NE,7,11,88,37,1024,1022.2,NA,NA,17.7,27.5,No,No
2010-03-17,BadgerysCreek,10,28.8,0,NA,NA,E,22,SW,SE,7,7,89,33,1026.5,1024.3,NA,NA,15.1,27.7,No,No
2010-03-18,BadgerysCreek,10.7,29.5,0,NA,NA,E,30,SW,ENE,4,6,87,43,1027.1,1023.6,NA,NA,15.9,28,No,No
2010-03-19,BadgerysCreek,12.2,33,0,NA,NA,NA,NA,NA,SW,0,7,99,31,1022.8,1018.8,NA,NA,15.9,31.7,No,NA
2010-03-20,BadgerysCreek,14.2,33.6,NA,NA,NA,ENE,30,NA,ENE,NA,11,NA,30,1021.6,1018.9,NA,NA,NA,32.9,NA,No
2010-03-21,BadgerysCreek,15.7,35.1,0,NA,NA,SSE,44,NA,WNW,0,19,80,27,1018.4,1014.4,NA,NA,20.7,34.8,No,No
2010-03-22,BadgerysCreek,17.9,26.7,0,NA,NA,ENE,31,E,SE,7,6,69,47,1020.8,1018.3,NA,NA,21,26.5,No,No
2010-03-23,BadgerysCreek,14.3,30.7,0,NA,NA,NA,NA,SW,NA,7,NA,83,NA,1020.7,NA,NA,NA,18.8,NA,No,No
2010-03-24,BadgerysCreek,14.2,26.9,0,NA,NA,ENE,31,WSW,E,13,19,80,58,1022.2,1020.5,NA,NA,19.2,25.9,No,No
2010-03-25,BadgerysCreek,16.2,29,0,NA,NA,NE,31,NA,NE,0,17,78,50,1023.8,1019.1,NA,NA,19.9,27.4,No,No
2010-03-26,BadgerysCreek,15,35.1,0,NA,NA,NW,31,NNW,NNW,6,15,88,31,1019.7,1015.2,NA,NA,19.1,33.1,No,No
2010-03-27,BadgerysCreek,19.1,29.7,0,NA,NA,SW,28,SW,SE,15,13,69,54,1020.5,1018,NA,NA,22.2,28.7,No,No
2010-03-28,BadgerysCreek,17.2,31.8,0,NA,NA,ENE,26,NA,NNE,0,15,83,49,1019.7,1014.3,NA,NA,22,30.2,No,No
2010-03-29,BadgerysCreek,19.1,24.3,0.8,NA,NA,NA,NA,NA,NA,0,NA,91,NA,1017.5,NA,NA,NA,21.2,NA,No,Yes
2010-03-30,BadgerysCreek,NA,21.3,7,NA,NA,SW,22,NA,WSW,0,7,97,88,1020.2,1019.1,NA,NA,18.7,20.7,Yes,Yes
2010-03-31,BadgerysCreek,16.6,22.6,21,NA,NA,S,39,SW,SSW,15,22,89,66,1020.8,1018.5,NA,NA,18.2,21,Yes,No
2010-04-01,BadgerysCreek,14.1,27.1,0,NA,NA,WSW,30,SW,NW,17,9,67,38,1019.1,1016.3,NA,NA,18.3,25.6,No,No
2010-04-02,BadgerysCreek,13,24.8,0.2,NA,NA,ESE,28,SW,E,11,13,79,47,1020.6,1018.3,NA,NA,18.2,24,No,No
2010-04-03,BadgerysCreek,12.4,24.2,0,NA,NA,SE,39,SW,ENE,13,9,79,51,1022.2,1019.6,NA,NA,16.4,23.4,No,No
2010-04-04,BadgerysCreek,11.9,22.7,0.4,NA,NA,ESE,37,SW,SE,17,26,79,64,1023.2,1021.1,NA,NA,16.5,19,No,No
2010-04-05,BadgerysCreek,12.6,21.8,0.2,NA,NA,ESE,22,SW,ESE,2,15,65,63,1021.7,1019.1,NA,NA,20.3,20.7,No,No
2010-04-06,BadgerysCreek,14.1,23.8,0,NA,NA,NNE,26,WSW,NNW,7,6,77,64,1021,1017.7,NA,NA,18.9,22.1,No,Yes
2010-04-07,BadgerysCreek,17,24.4,9.8,NA,NA,N,24,N,N,9,17,99,72,1017.1,1012.3,NA,NA,17.6,23.3,Yes,Yes
2010-04-08,BadgerysCreek,17.5,27.3,1.6,NA,NA,W,52,SW,WSW,19,26,61,39,1013.4,1012.3,NA,NA,23.2,26.3,Yes,No
2010-04-09,BadgerysCreek,11.9,25.2,0,NA,NA,SE,30,WSW,ESE,17,20,64,55,1015.6,1010.9,NA,NA,19.9,23.6,No,No
2010-04-10,BadgerysCreek,12.8,26.7,0,NA,NA,NNE,22,NA,NNE,0,15,83,49,1011.1,1007.8,NA,NA,17.9,25.9,No,No
2010-04-11,BadgerysCreek,14.2,27.8,0,NA,NA,SW,44,NNE,WNW,11,24,76,34,1008.3,1006.7,NA,NA,20.9,26.6,No,No
2010-04-12,BadgerysCreek,10.2,23.6,0,NA,NA,SW,44,WSW,SW,22,30,39,24,1015,1012,NA,NA,16.7,22.9,No,No
2010-04-13,BadgerysCreek,6.1,23,0,NA,NA,E,26,SW,E,15,11,54,46,1022.4,1020.1,NA,NA,17,21.8,No,No
2010-04-14,BadgerysCreek,6.1,25.1,0,NA,NA,NNE,20,SW,N,7,11,83,39,1023.5,1019.1,NA,NA,14.7,24.3,No,No
2010-04-15,BadgerysCreek,9.9,25.4,0,NA,NA,E,30,SW,SE,11,9,71,41,1022.6,1020.3,NA,NA,17.3,24.5,No,No
2010-04-16,BadgerysCreek,12.6,23.6,0,NA,NA,WSW,50,SW,E,9,11,81,57,1027.5,1025.3,NA,NA,17.5,22.4,No,No
2010-04-17,BadgerysCreek,12.5,26.4,0,NA,NA,E,28,WSW,ESE,4,17,78,59,1028.6,1025.9,NA,NA,19.7,23.8,No,No
2010-04-18,BadgerysCreek,12.5,26.1,0,NA,NA,ENE,24,WSW,NE,7,9,83,52,1027.9,1024.2,NA,NA,19.4,24.7,No,No
2010-04-19,BadgerysCreek,14.1,26,0,NA,NA,NA,NA,S,N,6,7,80,58,1026.7,1023.5,NA,NA,21,24.3,No,No
2010-04-20,BadgerysCreek,13,26.6,0,NA,NA,ESE,26,SW,N,4,7,87,47,1025.9,1021.5,NA,NA,19.1,26.2,No,No
2010-04-21,BadgerysCreek,11.2,27.5,0.2,NA,NA,NNE,26,WSW,NE,4,7,87,40,1023.7,1020,NA,NA,17.8,26.8,No,No
2010-04-22,BadgerysCreek,11.1,29.7,0,NA,NA,NE,20,SW,NNW,6,7,78,31,1023.2,1019.1,NA,NA,18.8,29.3,No,No
2010-04-23,BadgerysCreek,11.3,30.4,0.2,NA,NA,NA,NA,NW,SW,7,7,69,38,1021.3,1015.9,NA,NA,20.1,27.6,No,NA
2010-04-24,BadgerysCreek,13.9,27.7,NA,NA,NA,SSW,41,NA,SW,NA,26,71,60,1015,1010.7,NA,NA,19.5,23.5,NA,Yes
2010-04-25,BadgerysCreek,15.7,23.7,2,NA,NA,SSE,39,WNW,NA,13,NA,82,NA,1013.9,NA,NA,NA,16.4,NA,Yes,No
2010-04-26,BadgerysCreek,7.1,23,0,NA,NA,SW,31,SW,WSW,17,4,52,33,1024.8,1022.3,NA,NA,16.5,22.3,No,No
2010-04-27,BadgerysCreek,4.2,18.4,0,NA,NA,N,19,NNE,WNW,7,6,96,54,1020.7,1018.1,NA,NA,11.2,17.6,No,No
2010-04-28,BadgerysCreek,4.5,24.8,0,NA,NA,W,35,NNE,WSW,4,22,68,32,1021.5,1016.9,NA,NA,14.4,24,No,No
2010-04-29,BadgerysCreek,5.7,24.7,0,NA,NA,WNW,33,WSW,W,11,24,52,34,1020.6,1017.4,NA,NA,17.5,23.8,No,No
2010-04-30,BadgerysCreek,6.5,NA,0,NA,NA,NA,NA,WSW,NA,7,NA,66,NA,1025.8,NA,NA,NA,15.8,NA,No,NA
2010-05-01,BadgerysCreek,NA,NA,NA,NA,NA,NA,NA,NA,NA,NA,NA,NA,NA,NA,NA,NA,NA,NA,NA,NA,NA
2010-05-02,BadgerysCreek,NA,NA,NA,NA,NA,NA,NA,NA,NA,NA,NA,NA,NA,NA,NA,NA,NA,NA,NA,NA,NA
2010-05-03,BadgerysCreek,NA,24,NA,NA,NA,ENE,24,NA,E,NA,15,NA,64,NA,1024.5,NA,NA,NA,21.9,NA,No
2010-05-04,BadgerysCreek,11.4,25.5,0,NA,NA,NNE,33,NA,N,0,15,100,56,1022,1016.1,NA,NA,15.3,23.9,No,No
2010-05-05,BadgerysCreek,8.2,19.5,0.4,NA,NA,NA,NA,WNW,WSW,9,30,92,41,1013,1012.3,NA,NA,14.2,16.7,No,NA
2010-05-06,BadgerysCreek,3.4,20.7,NA,NA,NA,NA,NA,NA,NA,NA,NA,NA,39,NA,1019.2,NA,NA,NA,19.4,NA,NA
2010-05-07,BadgerysCreek,4.4,22.9,NA,NA,NA,WSW,28,NA,NA,NA,NA,NA,NA,NA,NA,NA,NA,NA,NA,NA,No
2010-05-08,BadgerysCreek,4,24.1,0,NA,NA,NA,NA,W,ENE,2,7,61,38,1022.6,1019.5,NA,NA,14,23.5,No,NA
2010-05-09,BadgerysCreek,5.7,24.6,NA,NA,NA,NNE,24,NA,NNE,NA,15,NA,32,NA,1018.3,NA,NA,NA,24,NA,No
2010-05-10,BadgerysCreek,7,24.6,0,NA,NA,N,24,SW,NNE,4,9,83,35,1020.9,1015.7,NA,NA,14.6,24.3,No,No
2010-05-11,BadgerysCreek,3.7,25.5,0,NA,NA,SW,52,NA,W,0,28,83,21,1012.9,1009.5,NA,NA,12.6,23.9,No,No
2010-05-12,BadgerysCreek,6.1,19.2,0,NA,NA,W,46,SW,S,24,19,35,25,1018.8,1017.1,NA,NA,13,18.4,No,No
2010-05-13,BadgerysCreek,2,21.6,0,NA,NA,SW,43,N,SW,2,19,50,35,1019.4,1016.2,NA,NA,13.6,19.7,No,No
2010-05-14,BadgerysCreek,4,20.3,0,NA,NA,SSW,37,WSW,SW,13,19,69,35,1019.3,1015.5,NA,NA,12.5,19.4,No,No
2010-05-15,BadgerysCreek,5.7,22.1,0,NA,NA,NA,NA,SSW,S,19,9,52,34,1018.3,1016.2,NA,NA,14.8,20.8,No,NA
2010-05-16,BadgerysCreek,4.2,22.4,NA,NA,NA,NNW,20,NA,NNW,NA,13,NA,39,NA,1018.8,NA,NA,NA,21.4,NA,No
2010-05-17,BadgerysCreek,8.8,17.3,0,NA,NA,SW,15,SW,NA,6,0,99,67,1020.3,1017.3,NA,NA,11.7,17,No,No
2010-05-18,BadgerysCreek,10.6,18.1,0,NA,NA,NA,NA,SW,S,13,11,77,64,1018.9,1017.9,NA,NA,14,17.8,No,NA
2010-05-19,BadgerysCreek,9.1,20.8,NA,NA,NA,ESE,28,SW,E,17,13,70,56,1022.7,1020.7,NA,NA,14.7,19.1,NA,No
2010-05-20,BadgerysCreek,3.9,20.1,0.4,NA,NA,NNE,17,SW,N,9,9,93,55,1023.6,1020.1,NA,NA,11.9,19.4,No,No
2010-05-21,BadgerysCreek,7.6,20.9,0,NA,NA,SE,28,SW,SE,11,17,87,67,1021.2,1018.5,NA,NA,13.2,16.6,No,No
2010-05-22,BadgerysCreek,8.8,19.4,0.2,NA,NA,SW,35,SW,SE,19,13,71,50,1022.2,1020.2,NA,NA,13.1,17.1,No,No
2010-05-23,BadgerysCreek,5.8,18.6,0,NA,NA,WSW,22,SW,E,15,9,71,63,1024,1021.1,NA,NA,12.4,16.2,No,No
2010-05-24,BadgerysCreek,5.4,19.9,0,NA,NA,NNE,22,NA,N,0,15,100,60,1020.2,1016,NA,NA,11.2,18,No,Yes
2010-05-25,BadgerysCreek,11.2,NA,3.6,NA,NA,NA,NA,NA,NE,0,7,100,81,1012,1007.1,NA,NA,13,16.2,Yes,NA
2010-05-26,BadgerysCreek,10.3,14.9,NA,NA,NA,SW,35,NA,SSW,NA,9,NA,100,NA,1006.6,NA,NA,NA,14,NA,Yes
2010-05-27,BadgerysCreek,11.4,18.6,42,NA,NA,SSW,30,S,SSW,15,13,80,86,1019.2,1018.7,NA,NA,14.4,15.3,Yes,No
2010-05-28,BadgerysCreek,9.8,20.4,1,NA,NA,NA,NA,NA,NNE,0,15,99,52,1021.5,1017.5,NA,NA,11.9,19.3,No,NA
2010-05-29,BadgerysCreek,11.9,16.4,NA,NA,NA,NNE,28,NA,NNE,NA,11,99,86,1010,1004.8,NA,NA,13.6,15.9,NA,Yes
2010-05-30,BadgerysCreek,8.3,19.7,6.2,NA,NA,NNE,20,N,ESE,7,4,82,50,1003.6,1002.7,NA,NA,13,18.9,Yes,Yes
2010-05-31,BadgerysCreek,10.7,17.8,7.6,NA,NA,SSW,46,SW,SSW,24,22,97,94,1010.3,1012.1,NA,NA,14.3,14.9,Yes,Yes
2010-06-01,BadgerysCreek,10.7,18.8,5,NA,NA,SW,26,SW,S,17,11,76,51,1020,1018.3,NA,NA,15.3,18.4,Yes,No
2010-06-02,BadgerysCreek,7.5,19.9,0,NA,NA,S,20,WSW,SSE,7,11,92,60,1021.5,1020,NA,NA,11.8,17.6,No,Yes
2010-06-03,BadgerysCreek,10.7,19.1,12.4,NA,NA,S,37,SSW,SW,22,22,87,92,1023.8,1021.5,NA,NA,14.7,15.6,Yes,Yes
2010-06-04,BadgerysCreek,13.4,16.9,36,NA,NA,S,41,SW,SE,19,9,89,94,1019.8,1017.3,NA,NA,15.1,15.1,Yes,Yes
2010-06-05,BadgerysCreek,11.5,20.4,5.2,NA,NA,SSW,31,SW,WSW,22,20,69,48,1015.1,1012.2,NA,NA,15.1,19,Yes,No
2010-06-06,BadgerysCreek,7,18.1,0,NA,NA,S,48,SW,SSW,17,19,63,53,1015.7,1016.8,NA,NA,12.8,16.4,No,No
2010-06-07,BadgerysCreek,6.9,17.3,0,NA,NA,SW,31,SW,SSE,19,15,59,58,1024.8,1023.5,NA,NA,11.9,15.7,No,No
2010-06-08,BadgerysCreek,4.8,17.6,0,NA,NA,ENE,22,WSW,NE,7,9,99,57,1023.9,1018.8,NA,NA,8.9,16,No,No
2010-06-09,BadgerysCreek,2.3,16.2,0,NA,NA,W,54,NA,W,0,26,99,44,1012.5,1009.2,NA,NA,7.2,13.7,No,No
2010-06-10,BadgerysCreek,7.2,15.5,0,NA,NA,W,50,WSW,SW,20,22,51,35,1018.4,1018.3,NA,NA,11.9,15,No,No
2010-06-11,BadgerysCreek,-0.1,17,0,NA,NA,SW,35,N,WSW,4,24,83,44,1020.3,1016.7,NA,NA,7,15.6,No,No
2010-06-12,BadgerysCreek,1.9,16.2,0,NA,NA,SSW,31,WSW,S,7,17,85,39,1022.6,1022,NA,NA,8.6,15.1,No,No
2010-06-13,BadgerysCreek,3.2,17.5,0,NA,NA,SW,28,WSW,WSW,20,4,68,39,1030.1,1029.2,NA,NA,9.3,17,No,No
2010-06-14,BadgerysCreek,3.6,18,0,NA,NA,WSW,17,NA,NNE,0,6,77,46,1035.1,1032.3,NA,NA,9.2,17.5,No,No
2010-06-15,BadgerysCreek,3.2,18.3,0,NA,NA,N,22,NA,N,0,11,99,52,1033.1,1029.1,NA,NA,8.2,17.8,No,No
2010-06-16,BadgerysCreek,2.7,18.8,0.2,NA,NA,N,24,NA,N,0,7,100,56,1029.2,1024.1,NA,NA,8.9,17.5,No,No
2010-06-17,BadgerysCreek,7,19,0,NA,NA,NW,59,N,NW,15,19,82,56,1015.4,1010.5,NA,NA,11.6,18.4,No,No
2010-06-18,BadgerysCreek,2.7,18.2,0,NA,NA,W,33,NA,NNW,0,2,76,40,1017.5,1015.7,NA,NA,8.9,18,No,No
2010-06-19,BadgerysCreek,1.4,18.9,0,NA,NA,W,54,NNE,WSW,7,20,80,46,1019.2,1018.4,NA,NA,7.6,18.3,No,No
2010-06-20,BadgerysCreek,2.1,19.3,0,NA,NA,WSW,35,NA,SW,0,9,89,42,1025.7,1024.1,NA,NA,9.8,19,No,No
2010-06-21,BadgerysCreek,5.5,17.8,0,NA,NA,SE,26,NA,SSE,0,9,79,62,1033.3,1032.9,NA,NA,11.9,16.8,No,NA
2010-06-22,BadgerysCreek,10.8,16.5,NA,NA,NA,S,31,SSW,SSE,13,20,80,68,1037.6,1036.2,NA,NA,13.6,15.2,NA,No
2010-06-23,BadgerysCreek,8.4,15.2,0,NA,NA,WSW,19,NE,SSW,6,9,91,98,1038,1034.9,NA,NA,11.1,13,No,Yes
2010-06-24,BadgerysCreek,8.6,17.8,3.6,NA,NA,NNE,26,NA,NNE,0,15,100,56,1032,1027.3,NA,NA,10.4,17.6,Yes,No
2010-06-25,BadgerysCreek,7.9,18.1,0,NA,NA,N,30,NA,N,0,9,100,72,1025.6,1020.8,NA,NA,9.8,16.7,No,No
2010-06-26,BadgerysCreek,9.8,19.2,0.4,NA,NA,NNE,35,NNW,SSW,11,20,89,45,1017.7,1017,NA,NA,12.8,18.3,No,No
2010-06-27,BadgerysCreek,2,15.9,0,NA,NA,WSW,28,SW,W,17,15,70,39,1021.3,1019.3,NA,NA,9.3,15.2,No,No
2010-06-28,BadgerysCreek,1.5,15.5,0.2,NA,NA,WSW,19,NA,NA,0,0,69,39,1021.4,1018,NA,NA,8.3,15,No,No
2010-06-29,BadgerysCreek,-1.2,15,0,NA,NA,NA,NA,NA,N,0,4,82,39,1020.3,1017.1,NA,NA,5,14,No,NA
2010-06-30,BadgerysCreek,-3,16.1,NA,NA,NA,WNW,22,NA,NA,0,0,84,39,1021,1018.8,NA,NA,4.3,14.8,NA,No
2010-07-01,BadgerysCreek,-1,16.4,0.2,NA,NA,WNW,19,NA,S,0,6,83,44,1025.2,1023.1,NA,NA,6.5,15.5,No,No
2010-07-02,BadgerysCreek,2.2,12.1,0,NA,NA,W,15,NA,NA,0,0,95,72,1027.2,1023.9,NA,NA,6.5,12,No,Yes
2010-07-03,BadgerysCreek,3.7,15.6,1.6,NA,NA,SW,43,WSW,S,26,17,68,39,1026.4,1026.6,NA,NA,9.9,14.5,Yes,No
2010-07-04,BadgerysCreek,4.3,18,0,NA,NA,SW,28,SW,W,19,7,65,44,1030.2,1027.3,NA,NA,10,17.2,No,No
2010-07-05,BadgerysCreek,4.9,14.5,0,NA,NA,WSW,20,SSW,NA,9,0,80,67,1027.6,1024.3,NA,NA,9.4,13.7,No,Yes
2010-07-06,BadgerysCreek,9,16.7,1.6,NA,NA,SW,35,WNW,SW,6,17,100,57,1017.5,1015.8,NA,NA,11.2,15.5,Yes,No
2010-07-07,BadgerysCreek,8,17.5,1,NA,NA,WSW,30,WSW,S,20,19,71,56,1024.7,1023.1,NA,NA,11.2,16.2,No,No
2010-07-08,BadgerysCreek,5.6,16.4,0,NA,NA,SW,48,SW,SSE,20,17,70,64,1027.8,1026,NA,NA,11.3,15,No,Yes
2010-07-09,BadgerysCreek,6.9,17.5,1.6,NA,NA,ESE,28,SW,SE,9,11,91,65,1030,1028.1,NA,NA,10.9,16,Yes,No
2010-07-10,BadgerysCreek,4.6,17.3,0,NA,NA,N,20,NA,N,0,9,100,66,1029,1025.6,NA,NA,9.2,15.9,No,NA
2010-07-11,BadgerysCreek,8.9,15.2,NA,NA,NA,SW,17,NNW,SW,7,6,100,98,1022.1,1020.1,NA,NA,11.5,14.5,NA,No
2010-07-12,BadgerysCreek,4.7,18.2,0.6,NA,NA,SSW,22,SW,NA,6,0,100,46,1023.9,1021.3,NA,NA,9.6,16.9,No,No
2010-07-13,BadgerysCreek,8.4,16.9,0,NA,NA,NNE,26,NA,N,0,15,99,87,1020.8,1015.2,NA,NA,11.7,15.4,No,No
2010-07-14,BadgerysCreek,11.6,17.3,0.6,NA,NA,W,57,NW,WNW,19,30,53,38,1009.5,1009.4,NA,NA,13.7,15.9,No,No
2010-07-15,BadgerysCreek,6.4,16.6,0,NA,NA,WSW,50,WSW,WSW,20,24,51,42,1016.1,1018,NA,NA,12.1,15.7,No,No
2010-07-16,BadgerysCreek,2.3,16.7,0,NA,NA,SW,37,WSW,WSW,20,11,62,48,1026.4,1024.3,NA,NA,10.3,15.2,No,No
2010-07-17,BadgerysCreek,1.3,17.5,0,NA,NA,NNE,22,SW,NNE,9,13,83,45,1028.6,1024.6,NA,NA,8.2,16.6,No,No
2010-07-18,BadgerysCreek,-0.6,18,0,NA,NA,N,19,NA,NNE,0,13,97,42,1022.8,1017.8,NA,NA,6.3,17.7,No,No
2010-07-19,BadgerysCreek,3.8,15.7,0,NA,NA,SSE,17,NA,SSE,0,9,98,63,1018.4,1016.4,NA,NA,7.1,13.2,No,No
2010-07-20,BadgerysCreek,4.4,16.5,0.6,NA,NA,SW,30,SW,SE,20,19,61,32,1023.2,1021.5,NA,NA,10.8,15.6,No,No
2010-07-21,BadgerysCreek,5.2,16.6,0.2,NA,NA,SSW,28,SSW,WSW,15,15,65,41,1027.3,1025,NA,NA,10,15.9,No,No
2010-07-22,BadgerysCreek,2.9,17.1,0,NA,NA,SW,37,WSW,SSE,20,11,60,47,1029.2,1028.4,NA,NA,10.4,15.8,No,No
2010-07-23,BadgerysCreek,4.7,18.1,0,NA,NA,S,30,SW,NA,15,NA,68,NA,1033,NA,NA,NA,11.5,NA,No,No
2010-07-24,BadgerysCreek,4.6,18.7,0,NA,NA,E,22,SW,E,11,6,86,46,1031,1027.5,NA,NA,10.9,17.2,No,Yes
2010-07-25,BadgerysCreek,8.4,17.1,3.4,NA,NA,WSW,39,SW,E,13,15,99,64,1030.5,1027.9,NA,NA,11.6,15.7,Yes,Yes
2010-07-26,BadgerysCreek,7,17,24.8,NA,NA,ENE,46,SW,E,15,7,93,67,1034.5,1033.2,NA,NA,9.4,15,Yes,No
2010-07-27,BadgerysCreek,7.2,16.8,0,NA,NA,SW,17,NA,NE,0,2,94,59,1036.1,1032.7,NA,NA,10.8,15.8,No,Yes
2010-07-28,BadgerysCreek,10,12.6,2,NA,NA,SE,15,NA,NA,0,NA,100,100,1030.3,1025,NA,NA,10.4,12.3,Yes,Yes
2010-07-29,BadgerysCreek,9,13.4,21,NA,NA,WSW,28,NA,NE,0,6,100,100,1019.4,1016.1,NA,NA,10.4,13.1,Yes,Yes
2010-07-30,BadgerysCreek,8.9,19.8,7.2,NA,NA,WNW,35,NA,NNE,0,9,100,76,1017.3,1013.7,NA,NA,10.6,19.7,Yes,Yes
2010-07-31,BadgerysCreek,10.5,20.1,5.2,NA,NA,W,50,NA,WNW,0,33,100,44,1012.3,1012.6,NA,NA,13.5,19.2,Yes,No
2010-08-01,BadgerysCreek,4,19.9,0,NA,NA,WNW,59,N,WNW,7,37,75,37,1020.2,1014,NA,NA,10.3,18.4,No,No
2010-08-02,BadgerysCreek,5,14.9,0,NA,NA,WSW,67,WSW,WSW,9,30,55,47,1016.1,1012.7,NA,NA,10.7,13.8,No,Yes
2010-08-03,BadgerysCreek,10.2,17.5,7.4,NA,NA,SSW,56,SSW,SSW,33,22,68,59,1017.7,1017.9,NA,NA,14,15.6,Yes,No
2010-08-04,BadgerysCreek,5.1,18,0,NA,NA,W,26,WNW,WNW,2,15,75,41,1019.3,1014.9,NA,NA,11.2,17.6,No,No
2010-08-05,BadgerysCreek,2.9,16.6,0,NA,NA,WSW,44,NNE,NA,9,NA,80,NA,1018.3,NA,NA,NA,7.6,NA,No,No
2010-08-06,BadgerysCreek,4.3,16.3,0,NA,NA,S,33,WSW,WSW,19,17,58,38,1020.9,1019.5,NA,NA,10.9,15.9,No,No
2010-08-07,BadgerysCreek,3.3,16.4,0,NA,NA,W,31,SW,N,20,7,63,36,1025.4,1022,NA,NA,9.5,15.9,No,No
2010-08-08,BadgerysCreek,1.2,17,0,NA,NA,NNE,24,NA,NNE,0,11,93,42,1022.5,1019,NA,NA,6.6,16.3,No,No
2010-08-09,BadgerysCreek,2.7,18,0,NA,NA,ESE,48,WSW,N,6,19,88,37,1023.9,1020.9,NA,NA,8.7,17.3,No,Yes
2010-08-10,BadgerysCreek,6.1,12.5,6.6,NA,NA,WSW,20,N,SSE,7,6,100,100,1019.3,1014.1,NA,NA,8.5,12.3,Yes,Yes
2010-08-11,BadgerysCreek,6.9,16.5,6.2,NA,NA,NW,67,NNW,NW,11,37,81,42,1009.4,1003.6,NA,NA,10.6,15.5,Yes,No
2010-08-12,BadgerysCreek,9.1,16,0,NA,NA,WSW,57,WSW,WSW,31,26,54,51,1002.2,1003,NA,NA,12.6,15,No,No
2010-08-13,BadgerysCreek,8.2,18.8,0,NA,NA,NA,NA,WSW,WSW,26,11,52,42,1012.9,1012.2,NA,NA,13.7,17.2,No,NA
2010-08-14,BadgerysCreek,2.9,20.5,NA,NA,NA,NNW,26,NA,NW,NA,11,99,44,1014.9,1009.8,NA,NA,8.3,20,NA,No
2010-08-15,BadgerysCreek,6.5,19.6,0,NA,NA,WNW,61,N,WNW,11,28,78,38,1006.8,1004.1,NA,NA,11,19.1,No,No
2010-08-16,BadgerysCreek,7.8,17.8,0,NA,NA,W,44,W,WNW,28,20,49,37,1012.4,1010.9,NA,NA,13.6,17.6,No,No
2010-08-17,BadgerysCreek,2.6,17.6,0,NA,NA,SW,28,NA,NE,0,13,54,27,1022.5,1019.7,NA,NA,10.4,16.7,No,No
2010-08-18,BadgerysCreek,0.5,19.9,0,NA,NA,NA,NA,NA,NNE,0,20,84,45,1020.9,1011.5,NA,NA,7.3,19.4,No,NA
2010-08-19,BadgerysCreek,7.3,23.4,NA,NA,NA,WNW,61,NA,WNW,NA,35,59,30,1007.4,1005.6,NA,NA,19.2,22.6,NA,No
2010-08-20,BadgerysCreek,4.5,18,0,NA,NA,W,35,NNW,W,4,19,45,31,1012.6,1011.8,NA,NA,14.6,17.2,No,No
2010-08-21,BadgerysCreek,2.5,16.5,0,NA,NA,WSW,48,NA,SW,0,26,59,40,1018.1,1016.1,NA,NA,11.5,15.9,No,No
2010-08-22,BadgerysCreek,2.3,18.2,0,NA,NA,WSW,24,N,NNE,7,7,63,35,1024.1,1020.3,NA,NA,10.8,17.3,No,No
2010-08-23,BadgerysCreek,8.1,14.2,0,NA,NA,NA,NA,N,NNE,7,9,87,68,1017.3,1011.4,NA,NA,10.3,13.3,No,NA
2010-08-24,BadgerysCreek,6,18.7,NA,NA,NA,SSW,43,NA,WSW,NA,24,68,36,1013,1008.5,NA,NA,13,18.4,NA,No
2010-08-25,BadgerysCreek,6.9,16.6,0,NA,NA,WNW,46,WSW,WNW,4,22,40,30,1008.4,1005.9,NA,NA,13.9,15.5,No,No
2010-08-26,BadgerysCreek,8.4,17.2,0,NA,NA,WNW,57,NW,NW,19,31,44,42,1003.5,1001.5,NA,NA,13.7,15.5,No,No
2010-08-27,BadgerysCreek,5.1,18.6,0,NA,NA,WSW,48,N,WNW,13,30,48,43,1008.6,1009,NA,NA,14.1,16.6,No,No
2010-08-28,BadgerysCreek,4.4,18.1,0,NA,NA,SW,30,WSW,SE,9,9,55,33,1022.3,1022,NA,NA,12.3,17.2,No,No
2010-08-29,BadgerysCreek,2.6,19,0,NA,NA,E,31,NA,NNE,0,11,72,43,1029.3,1025.5,NA,NA,11.2,18.3,No,No
2010-08-30,BadgerysCreek,7.9,19.8,0,NA,NA,E,33,NA,NNE,0,7,67,47,1027.8,1023.8,NA,NA,13.9,18.5,No,No
2010-08-31,BadgerysCreek,8.6,21.8,0,NA,NA,N,30,NA,N,0,6,77,44,1025.8,1019.9,NA,NA,14.1,21.3,No,No
2010-09-01,BadgerysCreek,7.9,25,0,NA,NA,W,57,NA,NW,0,19,76,42,1018.2,1013,NA,NA,13.1,22.9,No,No
2010-09-02,BadgerysCreek,13,18.6,0,NA,NA,S,24,SW,ESE,9,11,92,77,1016.8,1014.5,NA,NA,15.6,17.4,No,Yes
2010-09-03,BadgerysCreek,10.8,15.2,4,NA,NA,SSW,24,SW,NA,13,0,100,82,1026.9,1023.8,NA,NA,11.5,14.4,Yes,Yes
2010-09-04,BadgerysCreek,11.3,19.9,16.4,NA,NA,WNW,63,NA,NNE,0,24,100,80,1014.8,1006.1,NA,NA,13.3,19.8,Yes,No
2010-09-05,BadgerysCreek,13.3,20.3,0.2,NA,NA,WNW,65,NW,W,26,33,50,40,1010.2,1011,NA,NA,18,19.2,No,No
2010-09-06,BadgerysCreek,6.7,20.4,0,NA,NA,W,50,NW,W,6,22,54,36,1019.4,1017.6,NA,NA,14.6,19.3,No,No
2010-09-07,BadgerysCreek,4.3,17.8,0,NA,NA,SSW,35,SSW,SSE,17,19,64,48,1024,1023.1,NA,NA,13.4,16.1,No,No
2010-09-08,BadgerysCreek,3.6,18.9,0,NA,NA,ESE,26,SW,N,11,6,64,33,1027.9,1023.3,NA,NA,12.5,18.3,No,No
2010-09-09,BadgerysCreek,5.1,16.3,0,NA,NA,N,28,NA,NNW,0,7,95,75,1018.4,1010.7,NA,NA,11,15.4,No,Yes
2010-09-10,BadgerysCreek,8.6,23.6,3,NA,NA,W,65,NA,W,0,31,100,43,1004.8,1001.8,NA,NA,12.3,20,Yes,No
2010-09-11,BadgerysCreek,5.2,21.7,0,NA,NA,SW,37,WSW,S,19,4,47,29,1017.9,1016.7,NA,NA,15.4,20.5,No,No
2010-09-12,BadgerysCreek,3.4,20.7,0,NA,NA,NE,31,NW,NE,4,13,70,46,1022.9,1017.6,NA,NA,13.4,19.8,No,No
2010-09-13,BadgerysCreek,10,23.1,0,NA,NA,SW,48,NA,WSW,0,22,70,31,1016.4,1013,NA,NA,16.3,22.3,No,No
2010-09-14,BadgerysCreek,10.8,16.6,0,NA,NA,WSW,28,E,SE,6,11,78,99,1017.1,1012.3,NA,NA,16.1,14.1,No,Yes
2010-09-15,BadgerysCreek,9.7,21.8,16.8,NA,NA,WNW,48,SW,W,26,30,66,24,1011.2,1010.1,NA,NA,16.4,20.8,Yes,No
2010-09-16,BadgerysCreek,8.6,20.1,0,NA,NA,W,52,NW,WSW,13,28,56,30,1015.8,1011.8,NA,NA,14.1,18.6,No,No
2010-09-17,BadgerysCreek,3.1,19.1,0,NA,NA,WSW,26,WSW,NNE,13,9,51,29,1021.8,1017.7,NA,NA,12.9,18.5,No,No
2010-09-18,BadgerysCreek,3.7,22,0,NA,NA,SW,39,N,SSW,11,22,59,27,1017.9,1013.7,NA,NA,12.6,21.5,No,No
2010-09-19,BadgerysCreek,5.3,18.7,0,NA,NA,NNE,24,SW,NNE,7,17,68,56,1022.2,1019.7,NA,NA,13.4,17.6,No,No
2010-09-20,BadgerysCreek,6,20.6,0,NA,NA,W,33,SSW,ESE,9,9,63,57,1024.4,1022.6,NA,NA,15.7,19.1,No,No
2010-09-21,BadgerysCreek,6.3,24.6,0.2,NA,NA,SE,41,NNW,ENE,2,24,72,57,1023.3,1021.9,NA,NA,16.6,20.6,No,No
2010-09-22,BadgerysCreek,11.8,21.9,0,NA,NA,N,30,NW,ENE,13,11,71,56,1026.9,1020.3,NA,NA,15.9,21.5,No,No
2010-09-23,BadgerysCreek,13.5,20.2,0.2,NA,NA,E,31,SE,E,13,17,76,66,1025.1,1022.3,NA,NA,15.8,17.3,No,No
2010-09-24,BadgerysCreek,8.3,25.2,0,NA,NA,NNE,20,N,N,11,6,75,46,1022.6,1017.5,NA,NA,17.2,24.4,No,No
2010-09-25,BadgerysCreek,5.5,25.9,0,NA,NA,SW,26,W,SW,2,17,55,28,1016.9,1014.2,NA,NA,17.3,24.8,No,No
2010-09-26,BadgerysCreek,7.1,25.2,0,NA,NA,SE,48,N,NE,9,11,52,30,1020.8,1016.7,NA,NA,17.8,25,No,No
2010-09-27,BadgerysCreek,7.4,26.9,0,NA,NA,WNW,46,N,W,7,24,70,41,1014.8,1008.7,NA,NA,16.6,25,No,No
2010-09-28,BadgerysCreek,8.5,26.3,0.2,NA,NA,SW,43,NNW,WNW,11,26,44,22,1013.6,1009.7,NA,NA,20.2,25.6,No,No
2010-09-29,BadgerysCreek,9.9,19,0,NA,NA,SW,43,SW,SE,20,20,44,52,1017.3,1017.6,NA,NA,15.3,14.6,No,No
2010-09-30,BadgerysCreek,3.8,18.9,0.8,NA,NA,NE,39,W,E,6,13,53,34,1025.7,1022.4,NA,NA,13,18.5,No,No
2010-10-01,BadgerysCreek,5.4,18.8,0,NA,NA,ENE,24,WSW,NE,7,13,70,57,1028.9,1026.3,NA,NA,12.4,17,No,No
2010-10-02,BadgerysCreek,10.1,19.5,0,NA,NA,ENE,61,ENE,ESE,6,19,68,88,1030.3,1028.4,NA,NA,17.8,14.6,No,Yes
2010-10-03,BadgerysCreek,12.4,19.2,18.6,NA,NA,ESE,48,SE,E,7,17,100,85,1030.2,1027.8,NA,NA,14.5,17.9,Yes,Yes
2010-10-04,BadgerysCreek,13.8,20.5,28.6,NA,NA,ENE,33,ESE,ENE,7,17,100,65,1026.9,1022.9,NA,NA,15.9,20,Yes,Yes
2010-10-05,BadgerysCreek,15.6,24.5,2.2,NA,NA,N,46,N,E,6,6,95,62,1023,1020.7,NA,NA,17.2,23.2,Yes,No
2010-10-06,BadgerysCreek,15.3,22.6,0.2,NA,NA,ENE,30,NA,ENE,0,13,89,71,1022.9,1019,NA,NA,18,21.2,No,No
2010-10-07,BadgerysCreek,14,23.6,0,NA,NA,SW,46,N,ESE,9,24,100,69,1015.4,1017.1,NA,NA,16.2,19.3,No,No
2010-10-08,BadgerysCreek,11.9,21.4,0,NA,NA,ESE,35,NA,ESE,0,17,80,56,1024.3,1021.5,NA,NA,15.3,19.6,No,No
2010-10-09,BadgerysCreek,13.6,18,0,NA,NA,ENE,24,SSE,NNW,4,9,73,70,1027.2,1025.9,NA,NA,15.1,16.7,No,No
2010-10-10,BadgerysCreek,11.5,20.8,0.6,NA,NA,E,44,E,E,7,26,87,49,1032,1031.8,NA,NA,15.1,19.9,No,No
2010-10-11,BadgerysCreek,12.8,21.2,0.6,NA,NA,NE,43,ESE,NE,9,26,81,60,1033.8,1031.9,NA,NA,18.1,20.1,No,No
2010-10-12,BadgerysCreek,11.5,24.1,0.4,NA,NA,NNE,30,N,E,9,13,83,55,1030.5,1025.2,NA,NA,16.7,22.6,No,No
2010-10-13,BadgerysCreek,12.6,25.7,0,NA,NA,NNE,57,SSW,E,4,6,100,61,1020.2,1015.1,NA,NA,15.7,25.7,No,Yes
2010-10-14,BadgerysCreek,14.7,28.6,10.4,NA,NA,N,26,N,S,17,9,78,53,1011.5,1008.3,NA,NA,20.9,27.2,Yes,No
2010-10-15,BadgerysCreek,14.7,24.2,0.2,NA,NA,NA,NA,NNE,N,22,41,83,65,999.1,989.1,NA,NA,20,22.8,No,NA
2010-10-16,BadgerysCreek,9.9,15.4,NA,NA,NA,W,78,W,W,39,41,43,40,1000.8,1004.4,NA,NA,11,14.4,NA,No
2010-10-17,BadgerysCreek,5.4,22.8,0,NA,NA,SW,41,WNW,ENE,11,9,53,39,1013.7,1011.5,NA,NA,13.8,21.4,No,No
2010-10-18,BadgerysCreek,5.9,23.8,0.2,NA,NA,SW,44,WSW,SW,20,11,57,40,1019.1,1015.7,NA,NA,14.9,23.3,No,No
2010-10-19,BadgerysCreek,7.2,16.1,0,NA,NA,ESE,20,W,E,7,11,82,64,1026.1,1026.6,NA,NA,12.8,15.5,No,No
2010-10-20,BadgerysCreek,10.2,22.9,0,NA,NA,E,30,NNW,ENE,2,13,67,45,1029.3,1025,NA,NA,16,22.2,No,No
2010-10-21,BadgerysCreek,9.3,24.4,0.2,NA,NA,NE,31,NA,NNE,0,13,78,49,1026.5,1021.7,NA,NA,16.1,23.3,No,No
2010-10-22,BadgerysCreek,11.1,26.8,0,NA,NA,NW,44,WSW,N,4,24,81,53,1022,1017.4,NA,NA,17.6,24.2,No,Yes
2010-10-23,BadgerysCreek,10.5,28.5,2.2,NA,NA,WSW,48,NA,W,0,24,74,52,1017.2,1014.3,NA,NA,18.4,23.1,Yes,Yes
2010-10-24,BadgerysCreek,11.8,16.9,4,NA,NA,S,35,SW,SSW,17,19,90,92,1022.3,1021.6,NA,NA,11.8,13.6,Yes,Yes
2010-10-25,BadgerysCreek,11.6,20.9,7,NA,NA,S,43,SSW,SSE,19,13,73,57,1021.4,1018.6,NA,NA,16.8,19.2,Yes,No
2010-10-26,BadgerysCreek,8.5,26.2,0,NA,NA,NNE,28,NA,NNE,0,17,80,39,1018.5,1014.6,NA,NA,16.2,25.3,No,No
2010-10-27,BadgerysCreek,8.1,24.8,0,NA,NA,ESE,41,NA,E,0,17,61,72,1016.6,1014,NA,NA,17.6,21.9,No,Yes
2010-10-28,BadgerysCreek,13.4,19.5,17.2,NA,NA,SE,22,SW,E,11,11,99,63,1022.5,1020.5,NA,NA,13.8,18.4,Yes,No
2010-10-29,BadgerysCreek,11.7,20.4,0.4,NA,NA,NE,24,SW,ESE,6,11,84,71,1021.3,1017.9,NA,NA,15.5,18.6,No,No
2010-10-30,BadgerysCreek,11.4,29.5,0.2,NA,NA,ENE,39,N,ENE,6,19,81,53,1015.9,1011.3,NA,NA,17.6,28.5,No,No
2010-10-31,BadgerysCreek,17.1,30,0,NA,NA,WNW,37,NE,NNW,4,17,95,45,1012.2,1009.8,NA,NA,19.5,29.9,No,No
2010-11-01,BadgerysCreek,14.4,21.2,0,NA,NA,W,46,SW,SE,13,19,68,78,1015.5,1012.5,NA,NA,19.3,18.6,No,Yes
2010-11-02,BadgerysCreek,10.9,20.3,33.8,NA,NA,SW,50,WSW,WSW,26,26,68,55,1012.5,1012.9,NA,NA,14.7,18.7,Yes,No
2010-11-03,BadgerysCreek,7.6,24.4,0,NA,NA,ESE,39,W,SSW,7,15,72,40,1018.4,1015.8,NA,NA,17.6,23.8,No,Yes
2010-11-04,BadgerysCreek,12.4,18.1,2,NA,NA,S,31,SSW,S,11,17,78,80,1022.8,1020.8,NA,NA,14.8,14.8,Yes,Yes
2010-11-05,BadgerysCreek,11.3,18.7,1.4,NA,NA,SSE,41,SW,SE,15,20,77,51,1024.5,1022.6,NA,NA,14.9,17.4,Yes,Yes
2010-11-06,BadgerysCreek,11.8,17.3,2.2,NA,NA,SSE,31,SW,E,11,15,88,82,1024.3,1022.2,NA,NA,13.8,14.9,Yes,Yes
2010-11-07,BadgerysCreek,10.4,24.1,5.8,NA,NA,N,31,N,NE,9,13,90,59,1021.7,1017.7,NA,NA,14.8,22.5,Yes,No
2010-11-08,BadgerysCreek,12.6,30.2,0,NA,NA,SW,59,ENE,NE,2,20,80,73,1017.4,1014.3,NA,NA,19.2,20.7,No,Yes
2010-11-09,BadgerysCreek,15.1,24,12.2,NA,NA,NE,26,ESE,E,15,13,85,70,1025.2,1024.3,NA,NA,19.8,22.3,Yes,No
2010-11-10,BadgerysCreek,16.7,28.2,0.2,NA,NA,WSW,63,NNE,SSW,6,37,86,82,1021.9,1017.5,NA,NA,20.9,19.3,No,Yes
2010-11-11,BadgerysCreek,16.2,28.9,11.4,NA,NA,SW,37,N,NNE,7,15,78,52,1017.2,1011.7,NA,NA,20.3,27.9,Yes,No
2010-11-12,BadgerysCreek,14.9,31.6,0.2,NA,NA,E,39,NA,NNE,0,4,76,36,1014.4,1010.9,NA,NA,21.7,31.3,No,No
2010-11-13,BadgerysCreek,15.9,32,0,NA,NA,NE,46,NNE,WNW,7,9,70,61,1015.7,1012.9,NA,NA,23.5,28.5,No,No
2010-11-14,BadgerysCreek,19.9,32.4,0,NA,NA,N,39,NNE,N,11,26,75,46,1015.9,1012.4,NA,NA,25.4,30.7,No,No
2010-11-15,BadgerysCreek,20.4,21.1,0,NA,NA,SW,31,SSW,N,17,9,83,96,1013.8,1012.7,NA,NA,20.5,19.1,No,Yes
2010-11-16,BadgerysCreek,17.6,25.3,25.4,NA,NA,NE,39,ENE,NE,7,22,81,64,1013.6,1010.8,NA,NA,20.3,24.1,Yes,No
2010-11-17,BadgerysCreek,16,22.1,0,NA,NA,ENE,26,S,NE,13,17,79,65,1017.5,1015.5,NA,NA,17.6,20.7,No,No
2010-11-18,BadgerysCreek,13,26.8,0,NA,NA,S,35,S,NNE,6,7,80,47,1015.8,1011.5,NA,NA,18.8,26.5,No,Yes
2010-11-19,BadgerysCreek,14.7,18.1,1.6,NA,NA,SSW,50,S,SSE,24,13,73,62,1022.9,1024.3,NA,NA,16,17.8,Yes,No
2010-11-20,BadgerysCreek,10.2,23.8,0,NA,NA,ESE,30,NA,NE,0,15,62,50,1027.7,1024.2,NA,NA,17.7,23.1,No,No
2010-11-21,BadgerysCreek,9.8,25.6,0,NA,NA,ESE,35,NW,E,6,20,76,48,1025.2,1022.1,NA,NA,18.2,24.8,No,No
2010-11-22,BadgerysCreek,11.8,25.4,0,NA,NA,ESE,37,NW,E,2,19,71,49,1026.3,1023.5,NA,NA,19.6,24,No,No
2010-11-23,BadgerysCreek,12,26.7,0,NA,NA,N,35,NNE,NE,11,17,70,50,1027.6,1023.8,NA,NA,20.6,26.2,No,No
2010-11-24,BadgerysCreek,12.7,28.9,0,NA,NA,E,33,NNE,NE,7,9,73,41,1025.7,1021.1,NA,NA,20.2,28.5,No,No
2010-11-25,BadgerysCreek,14.5,31.3,0,NA,NA,NNE,35,W,NNE,4,9,72,37,1020.8,1016.9,NA,NA,21.2,31.1,No,No
2010-11-26,BadgerysCreek,14.5,30.1,0,NA,NA,E,33,NE,E,6,20,64,47,1017.7,1014.9,NA,NA,23,28.2,No,No
2010-11-27,BadgerysCreek,15.8,30.9,0,NA,NA,ENE,43,S,ENE,4,28,70,50,1016,1010.6,NA,NA,22.5,29.2,No,No
2010-11-28,BadgerysCreek,16,22.5,0.2,NA,NA,N,28,NE,NNE,7,11,90,93,1011.1,1010.6,NA,NA,19.6,20,No,Yes
2010-11-29,BadgerysCreek,15.5,19.5,11.4,NA,NA,S,31,SW,S,13,20,93,81,1014.4,1013.7,NA,NA,16.6,18.7,Yes,Yes
2010-11-30,BadgerysCreek,15.6,22.4,11.4,NA,NA,ESE,31,SW,E,4,11,98,85,1016.8,1014.6,NA,NA,16.5,21.2,Yes,Yes
2010-12-01,BadgerysCreek,16.5,20.4,28.8,NA,NA,E,37,E,NE,15,13,99,93,1016.4,1015.7,NA,NA,18.2,20,Yes,Yes
2010-12-02,BadgerysCreek,17.7,25.2,14,NA,NA,E,31,NE,ENE,13,20,88,83,1018.4,1016,NA,NA,20,22.4,Yes,No
2010-12-03,BadgerysCreek,18.2,26.3,0.8,NA,NA,ESE,39,NA,SE,0,13,82,68,1017.8,1014.3,NA,NA,21.8,25.1,No,Yes
2010-12-04,BadgerysCreek,18.1,25.2,1.2,NA,NA,E,30,SE,NNE,4,7,88,68,1013.2,1010.2,NA,NA,20.3,24.3,Yes,No
2010-12-05,BadgerysCreek,18.7,26.4,0.4,NA,NA,ENE,31,SSW,NE,6,4,78,80,1012.2,1010.7,NA,NA,22.2,23.2,No,No
2010-12-06,BadgerysCreek,17.7,25.6,0.8,NA,NA,N,43,ENE,SW,2,11,79,97,1014.5,1013.2,NA,NA,23.4,20.8,No,Yes
2010-12-07,BadgerysCreek,16.9,28.2,28.4,NA,NA,NE,41,NE,E,15,24,79,58,1016.7,1014.6,NA,NA,23.5,26.6,Yes,No
2010-12-08,BadgerysCreek,16.3,31.1,0,NA,NA,ENE,37,NE,NNE,13,19,76,55,1016.9,1011.7,NA,NA,23.2,30.4,No,Yes
2010-12-09,BadgerysCreek,21.5,31.2,2,NA,NA,N,46,NW,N,2,17,94,63,1011,1007.9,NA,NA,22.9,28.8,Yes,Yes
2010-12-10,BadgerysCreek,20.4,31.2,2.6,NA,NA,SW,31,SSE,N,7,9,97,53,1009.6,1005.9,NA,NA,21.3,28.5,Yes,No
2010-12-11,BadgerysCreek,13.5,29.7,0,NA,NA,N,37,SSW,NNW,4,22,53,25,1008.4,1002.8,NA,NA,21.5,29.1,No,No
2010-12-12,BadgerysCreek,12.7,30.3,0,NA,NA,WNW,46,N,NW,11,26,57,29,1004.4,1003.6,NA,NA,23.2,29.7,No,No
2010-12-13,BadgerysCreek,14.2,27.1,0,NA,NA,ESE,43,SSE,E,9,19,63,52,1014.2,1012.2,NA,NA,21.4,26,No,No
2010-12-14,BadgerysCreek,17,26.9,0,NA,NA,E,31,SSW,E,15,15,73,53,1016.8,1013.1,NA,NA,22.3,25.8,No,No
2010-12-15,BadgerysCreek,16.9,30.3,0,NA,NA,ESE,30,NNW,N,13,9,77,55,1011.3,1006,NA,NA,22,29.1,No,No
2010-12-16,BadgerysCreek,18.5,27.5,0,NA,NA,NNW,44,N,ENE,9,17,70,97,1004,1003.7,NA,NA,24.1,17.5,No,Yes
2010-12-17,BadgerysCreek,16.5,25.5,22,NA,NA,WNW,35,NNW,NW,6,11,81,73,1006.5,1003.9,NA,NA,18.9,22.1,Yes,No
2010-12-18,BadgerysCreek,16,24.7,0,NA,NA,W,54,N,SW,11,41,73,70,1003.5,1001.2,NA,NA,17.3,18,No,No
2010-12-19,BadgerysCreek,12.4,25.5,0.4,NA,NA,SW,44,NA,NNE,0,15,86,56,1003.9,995.1,NA,NA,15.4,24,No,Yes
2010-12-20,BadgerysCreek,11.4,21.3,2.4,NA,NA,W,67,W,W,33,41,48,47,998.8,1002,NA,NA,16,20.2,Yes,No
2010-12-21,BadgerysCreek,11,26.7,0,NA,NA,WSW,46,WNW,W,9,20,46,34,1009.8,1008.5,NA,NA,19.2,25.5,No,No
2010-12-22,BadgerysCreek,10.6,25.6,0,NA,NA,NA,NA,S,E,9,19,67,53,1019.1,1017.8,NA,NA,20.6,25.1,No,NA
2010-12-23,BadgerysCreek,14.3,31.7,NA,NA,NA,SSE,46,SW,NNE,7,6,83,40,1018.5,1016.2,NA,NA,20.2,30.4,NA,No
2010-12-24,BadgerysCreek,16.8,22.7,0,NA,NA,S,24,SE,NA,13,0,72,56,1026.5,1023.7,NA,NA,18.2,22.3,No,No
2010-12-25,BadgerysCreek,13.4,31.4,0,NA,NA,N,31,NNE,N,11,9,70,45,1017.5,1010.9,NA,NA,20.9,30.1,No,Yes
2010-12-26,BadgerysCreek,19.4,30.2,4.8,NA,NA,SSW,63,WNW,NNE,11,9,94,65,1007.4,1001.5,NA,NA,19.5,28.6,Yes,Yes
2010-12-27,BadgerysCreek,16.6,19.8,21,NA,NA,E,33,SSW,SE,6,13,96,81,1005.9,1006.1,NA,NA,16.7,18.7,Yes,Yes
2010-12-28,BadgerysCreek,12.5,20.5,1.4,NA,NA,ENE,26,SW,ESE,11,13,64,56,1019.7,1019.1,NA,NA,16.8,20,Yes,No
2010-12-29,BadgerysCreek,13.3,29.4,0.2,NA,NA,ENE,30,N,N,9,11,72,53,1018.7,1014,NA,NA,20.5,27.8,No,No
2010-12-30,BadgerysCreek,15.7,29.2,0,NA,NA,NE,31,SE,ENE,7,19,70,58,1017.1,1015.1,NA,NA,23.6,28.4,No,No
2010-12-31,BadgerysCreek,16.8,34.1,0,NA,NA,E,31,SE,ENE,9,6,84,41,1016.3,1013.1,NA,NA,23.8,33.6,No,No
2011-01-01,BadgerysCreek,16.8,37.4,0,NA,NA,E,28,N,ENE,2,7,74,27,1013.8,1009.3,NA,NA,24.4,36.7,No,No
2011-01-02,BadgerysCreek,17.1,30.8,0,NA,NA,SSW,39,NW,ENE,6,19,71,60,1012.8,1010.5,NA,NA,23.6,29.6,No,No
2011-01-03,BadgerysCreek,16.9,20.5,0.8,NA,NA,S,39,SW,ESE,7,13,94,97,1015.3,1012.5,NA,NA,17.9,17.6,No,Yes
2011-01-04,BadgerysCreek,16.1,22.3,4.2,NA,NA,SE,20,SSW,SSE,9,13,73,66,1015,1011.9,NA,NA,19.2,21.3,Yes,No
2011-01-05,BadgerysCreek,16.9,27,0,NA,NA,ESE,33,NA,NE,0,15,78,56,1008.3,1005.1,NA,NA,19.1,26.5,No,No
2011-01-06,BadgerysCreek,16.6,26.6,0,NA,NA,SSW,39,S,SSE,15,20,72,55,1011.7,1011.2,NA,NA,20.5,25.8,No,No
2011-01-07,BadgerysCreek,16.1,26.9,0,NA,NA,E,35,SSW,WSW,9,7,83,86,1014.4,1013.1,NA,NA,21.7,23.2,No,Yes
2011-01-08,BadgerysCreek,19.1,29,9,NA,NA,S,43,NA,E,0,19,87,55,1014.3,1011.7,NA,NA,21.6,26.8,Yes,Yes
2011-01-09,BadgerysCreek,20.4,29,2.2,NA,NA,WSW,48,SSE,ESE,2,19,100,59,1014.9,1014.1,NA,NA,22,28.4,Yes,Yes
2011-01-10,BadgerysCreek,20.6,28.2,7,NA,NA,ENE,46,ENE,E,19,19,90,67,1016.9,1015.1,NA,NA,22.9,25.6,Yes,Yes
2011-01-11,BadgerysCreek,20.1,24.4,2.8,NA,NA,ENE,41,NE,ENE,6,13,90,83,1015.1,1012.2,NA,NA,22.1,23.7,Yes,Yes
2011-01-12,BadgerysCreek,21.1,29.3,4.6,NA,NA,ENE,35,NE,NE,4,15,84,68,1012.9,1011,NA,NA,24.2,27.8,Yes,No
2011-01-13,BadgerysCreek,22.4,28.7,1,NA,NA,E,41,ENE,ENE,13,24,74,57,1015.1,1013.1,NA,NA,24.7,27.6,No,No
2011-01-14,BadgerysCreek,18.2,30.3,0,NA,NA,NNE,39,NNE,N,15,20,71,48,1012.9,1008.8,NA,NA,24.1,29.2,No,Yes
2011-01-15,BadgerysCreek,20.6,30,4.6,NA,NA,ESE,30,NA,N,0,9,91,71,1009.8,1007.6,NA,NA,21.6,27.8,Yes,No
2011-01-16,BadgerysCreek,18.7,30.6,0,NA,NA,NNE,31,SW,NNE,6,19,82,59,1010.8,1007.1,NA,NA,24.2,30.1,No,No
2011-01-17,BadgerysCreek,17.6,32.7,0,NA,NA,SE,39,NA,ESE,0,20,76,63,1003.2,1001,NA,NA,24,28.2,No,No
2011-01-18,BadgerysCreek,17.4,27.8,0,NA,NA,SE,37,SSW,E,6,22,66,61,1008.2,1007,NA,NA,22.3,25.7,No,No
2011-01-19,BadgerysCreek,18.3,28.2,0,NA,NA,SSW,48,SE,ENE,6,11,84,58,1010.3,1009,NA,NA,20.6,27.3,No,No
2011-01-20,BadgerysCreek,18.8,29.8,0.8,NA,NA,ENE,39,E,E,9,20,67,52,1014,1012.9,NA,NA,24.1,27.8,No,No
2011-01-21,BadgerysCreek,15.7,32,0,NA,NA,N,33,SW,N,4,13,73,35,1015.7,1012.5,NA,NA,22.5,30.5,No,No
2011-01-22,BadgerysCreek,16.7,31.6,0,NA,NA,E,37,NE,NA,6,NA,70,NA,1016.7,NA,NA,NA,24,NA,No,No
2011-01-23,BadgerysCreek,17.6,32.4,0,NA,NA,ENE,33,NNE,NA,13,NA,65,NA,1012.8,NA,NA,NA,23.6,NA,No,Yes
2011-01-24,BadgerysCreek,16.6,33.7,1.2,NA,NA,N,44,NE,N,6,22,76,49,1004.6,1001.3,NA,NA,22.4,29.2,Yes,No
2011-01-25,BadgerysCreek,20.5,36.1,0,NA,NA,S,33,SW,NE,9,9,70,45,1008.8,1006.5,NA,NA,23.2,33.1,No,No
2011-01-26,BadgerysCreek,19.5,36.8,0,NA,NA,SW,50,SW,E,6,7,81,50,1012.1,1009.7,NA,NA,24.8,35.4,No,No
2011-01-27,BadgerysCreek,22.5,35.9,0,NA,NA,ESE,39,NNE,NE,7,7,75,46,1013.6,1010.1,NA,NA,26.8,35.5,No,No
2011-01-28,BadgerysCreek,19,27.4,0,NA,NA,S,31,S,E,13,15,76,51,1019.7,1018.9,NA,NA,21.7,26.4,No,No
2011-01-29,BadgerysCreek,14,27.6,0,NA,NA,ENE,39,SSE,ENE,6,15,67,49,1022.1,1020.7,NA,NA,21.8,26.5,No,No
2011-01-30,BadgerysCreek,12.1,36.7,0,NA,NA,ENE,30,NA,N,0,11,70,26,1020.5,1015.5,NA,NA,20,34.6,No,No
2011-01-31,BadgerysCreek,17,40.4,0,NA,NA,E,31,NNW,NE,6,11,62,20,1015.7,1011.3,NA,NA,26.1,39.2,No,No
2011-02-01,BadgerysCreek,18.4,41.5,0,NA,NA,NW,44,SSW,W,4,19,79,21,1012,1006.7,NA,NA,24.5,40.9,No,No
2011-02-02,BadgerysCreek,23.1,38.4,0,NA,NA,ENE,37,E,E,11,22,42,38,1015.4,1011.4,NA,NA,30.7,37.2,No,No
2011-02-03,BadgerysCreek,23.9,38.7,0,NA,NA,WNW,50,W,W,7,22,81,39,1011.8,1010.9,NA,NA,26,37.9,No,No
2011-02-04,BadgerysCreek,22.1,38.6,0,NA,NA,SE,37,NNE,E,9,26,63,44,1015.1,1009.8,NA,NA,28.4,37.6,No,No
2011-02-05,BadgerysCreek,21.8,41.4,0,NA,NA,NW,56,NNE,N,9,35,76,21,1010.5,1007.1,NA,NA,27.3,40.2,No,No
2011-02-06,BadgerysCreek,21.8,33.9,0,NA,NA,SSE,52,WSW,SSE,15,33,64,67,1013.2,1016.4,NA,NA,27.3,23.2,No,No
2011-02-07,BadgerysCreek,16.6,24.1,0,NA,NA,E,28,SSW,E,11,9,60,48,1024.6,1020.6,NA,NA,17.9,23.2,No,No
2011-02-08,BadgerysCreek,14.2,27.4,0,NA,NA,ESE,33,WSW,ESE,7,20,68,52,1020.1,1018.7,NA,NA,20.5,25.2,No,No
2011-02-09,BadgerysCreek,14.8,25.5,0,NA,NA,ENE,31,SSW,SSE,11,15,57,56,1024.9,1023.3,NA,NA,21.7,24.3,No,No
2011-02-10,BadgerysCreek,14.9,30.5,0,NA,NA,E,33,NA,E,0,17,84,44,1024.1,1019.6,NA,NA,20.1,30.2,No,No
2011-02-11,BadgerysCreek,16.3,38.2,0,NA,NA,SW,44,N,WNW,6,17,76,30,1016.4,1011.2,NA,NA,22.5,35.4,No,No
2011-02-12,BadgerysCreek,21.6,22.7,0.2,NA,NA,S,37,S,SSE,20,11,81,71,1015.4,1017.3,NA,NA,22.4,21.5,No,Yes
2011-02-13,BadgerysCreek,18.2,22.8,19.8,NA,NA,SSE,35,SW,SSE,4,17,91,73,1017.8,1019,NA,NA,21.1,21.8,Yes,No
2011-02-14,BadgerysCreek,17.8,23.5,0,NA,NA,E,30,SSW,E,13,15,69,77,1024.2,1024.2,NA,NA,20.4,19.9,No,No
2011-02-15,BadgerysCreek,14.6,24.1,0,NA,NA,ESE,24,S,ESE,11,17,75,61,1024.7,1022.3,NA,NA,19.2,23.6,No,No
2011-02-16,BadgerysCreek,17.8,28.1,1,NA,NA,NE,20,SW,N,9,13,80,57,1020.2,1016.5,NA,NA,20.8,26.3,No,Yes
2011-02-17,BadgerysCreek,19.4,31.8,1.4,NA,NA,N,30,W,WNW,7,11,97,59,1014.3,1011.2,NA,NA,21.8,29.8,Yes,Yes
2011-02-18,BadgerysCreek,19.7,28.2,4.4,NA,NA,E,28,SW,SE,6,7,88,66,1015.6,1014.4,NA,NA,21.9,26.9,Yes,No
2011-02-19,BadgerysCreek,20.2,37.9,0.2,NA,NA,NNW,43,NNE,NNW,11,24,85,35,1011.4,1006,NA,NA,23.6,36.8,No,No
2011-02-20,BadgerysCreek,23.6,36.7,0,NA,NA,W,35,WSW,W,7,17,65,34,1007.2,1005.8,NA,NA,29.8,35.5,No,No
2011-02-21,BadgerysCreek,18.4,28.6,0,NA,NA,SE,39,S,SE,2,24,78,55,1013.5,1012.1,NA,NA,20.1,26,No,No
2011-02-22,BadgerysCreek,15.6,24.5,0.2,NA,NA,ESE,41,SW,ESE,17,26,59,48,1022.7,1022.1,NA,NA,17.6,22.4,No,No
2011-02-23,BadgerysCreek,12.5,27.5,0,NA,NA,E,35,SW,SSE,13,13,72,40,1023.5,1021,NA,NA,20.5,25.5,No,No
2011-02-24,BadgerysCreek,12.5,31,0,NA,NA,ENE,28,SW,ENE,6,19,80,29,1020.5,1015.5,NA,NA,18.7,29.7,No,No
2011-02-25,BadgerysCreek,12.8,32,0,NA,NA,NE,35,NNE,NNE,9,13,75,33,1014.9,1011.7,NA,NA,20.3,31.4,No,No
2011-02-26,BadgerysCreek,16.7,34.1,0,NA,NA,ESE,41,NA,SSW,0,11,81,27,1013.3,1008.6,NA,NA,21.8,33.1,No,No
2011-02-27,BadgerysCreek,16.6,29.5,0,NA,NA,E,26,WNW,N,6,13,90,54,1009.6,1007.9,NA,NA,20.5,27.8,No,No
2011-02-28,BadgerysCreek,20.4,30.2,0.4,NA,NA,SSE,28,NE,SE,9,17,89,58,1010.9,1007.4,NA,NA,21.4,28.1,No,No
2011-03-01,BadgerysCreek,18.7,36.6,0.6,NA,NA,WSW,54,NW,WSW,15,31,62,24,1003.2,1003.5,NA,NA,25.8,33.7,No,No
2011-03-02,BadgerysCreek,16.4,22.1,0,NA,NA,NNE,26,S,NE,9,11,74,64,1017.7,1015.6,NA,NA,17.9,20.6,No,No
2011-03-03,BadgerysCreek,12.9,32.6,0,NA,NA,W,35,NA,WSW,0,17,76,16,1009.6,1007.5,NA,NA,19.8,31.5,No,No
2011-03-04,BadgerysCreek,16.6,32.9,0,NA,NA,E,41,W,SSE,4,19,71,16,1012.2,1009.4,NA,NA,20.8,31.1,No,No
2011-03-05,BadgerysCreek,15.4,22.6,0.2,NA,NA,SSE,37,S,SSE,15,22,72,60,1023.5,1023.9,NA,NA,16.6,20.4,No,No
2011-03-06,BadgerysCreek,13.9,25.3,0.2,NA,NA,SE,33,SE,E,13,19,48,42,1027.6,1026.4,NA,NA,19.8,22.4,No,No
2011-03-07,BadgerysCreek,12,26.4,0,NA,NA,ENE,31,WSW,SE,11,7,65,48,1025.5,1021.9,NA,NA,18.8,25.6,No,No
2011-03-08,BadgerysCreek,12.1,32.1,0,NA,NA,E,35,NA,NNW,0,9,80,32,1020.2,1015,NA,NA,18,31,No,No
2011-03-09,BadgerysCreek,16.4,31.8,0,NA,NA,NW,30,NA,W,0,13,85,39,1015.9,1013.6,NA,NA,19.7,29.1,No,No
2011-03-10,BadgerysCreek,17.1,29.6,0,NA,NA,WSW,35,NA,SW,0,19,67,61,1013.7,1012.6,NA,NA,23.1,24.7,No,No
2011-03-11,BadgerysCreek,18.4,28.7,0,NA,NA,ENE,31,NA,ENE,0,19,87,59,1016.7,1015.4,NA,NA,20.9,27.1,No,No
2011-03-12,BadgerysCreek,16.7,31.7,0.8,NA,NA,NW,26,WSW,WSW,7,6,83,45,1021.1,1018.8,NA,NA,21.6,29.8,No,No
2011-03-13,BadgerysCreek,17.3,34.8,0,NA,NA,WNW,33,SW,NE,7,11,93,37,1021.9,1017.5,NA,NA,21.1,33.8,No,No
2011-03-14,BadgerysCreek,17.1,27.3,0,NA,NA,S,43,SSE,SSE,2,20,74,68,1020.1,1021.1,NA,NA,23.4,23.4,No,No
2011-03-15,BadgerysCreek,16.6,27.4,0.2,NA,NA,SW,24,SW,E,15,6,85,53,1022.1,1018.5,NA,NA,19.6,25.7,No,No
2011-03-16,BadgerysCreek,15.2,30.3,0.8,NA,NA,S,39,N,SE,7,19,87,59,1017.6,1016.6,NA,NA,20.1,26,No,Yes
2011-03-17,BadgerysCreek,18.1,25.8,16.6,NA,NA,SE,28,S,ESE,9,17,89,70,1020,1017.2,NA,NA,20,23.8,Yes,No
2011-03-18,BadgerysCreek,18.1,25.9,0.2,NA,NA,SSE,39,SSW,SSE,17,24,75,69,1015.9,1014.4,NA,NA,20.5,23,No,Yes
2011-03-19,BadgerysCreek,17.4,21.3,3,NA,NA,SSW,30,SW,SSE,13,15,95,91,1015.5,1012.8,NA,NA,19.4,20.5,Yes,Yes
2011-03-20,BadgerysCreek,17.8,23.7,25.8,NA,NA,E,48,S,SSE,9,11,99,92,1013.4,1011,NA,NA,18.9,21,Yes,Yes
2011-03-21,BadgerysCreek,18.7,26.1,17.2,NA,NA,WSW,43,SSE,ENE,7,4,98,72,1007.5,1003.2,NA,NA,20.6,25.6,Yes,Yes
2011-03-22,BadgerysCreek,19.2,32,13.2,NA,NA,ESE,24,NA,NE,0,11,96,47,1001.5,999.2,NA,NA,20.9,30,Yes,No
2011-03-23,BadgerysCreek,16.9,30.8,0.2,NA,NA,SW,43,NA,WNW,0,26,83,36,1003.3,1001.2,NA,NA,20.8,29.5,No,No
2011-03-24,BadgerysCreek,13.1,26.7,0.2,NA,NA,W,52,N,WNW,13,28,58,35,1005.4,1003.9,NA,NA,19.4,26,No,No
2011-03-25,BadgerysCreek,12.7,26.2,0,NA,NA,W,39,WSW,SSW,19,24,56,40,1008.6,1009.3,NA,NA,20,25.9,No,No
2011-03-26,BadgerysCreek,14,22.6,0,NA,NA,S,43,SW,S,24,19,62,54,1020,1020.4,NA,NA,18.5,21,No,No
2011-03-27,BadgerysCreek,13.2,21.7,0,NA,NA,S,30,WSW,SSW,11,7,74,68,1025.1,1024.7,NA,NA,16.6,20.5,No,Yes
2011-03-28,BadgerysCreek,13.7,24.3,1.2,NA,NA,E,26,WSW,ENE,13,15,82,70,1027.4,1026,NA,NA,17.5,21.4,Yes,No
2011-03-29,BadgerysCreek,14.2,27.9,0,NA,NA,NE,33,SW,NNE,6,19,97,53,1026.4,1022,NA,NA,16.8,25.7,No,No
2011-03-30,BadgerysCreek,13.4,29.3,0,NA,NA,WSW,54,NNW,NA,6,0,87,71,1020.4,1017.2,NA,NA,17.7,21.9,No,Yes
2011-03-31,BadgerysCreek,16.7,20.7,2.6,NA,NA,S,26,SSW,SE,13,15,76,72,1023.6,1023.5,NA,NA,18.5,18.9,Yes,Yes
2011-05-01,BadgerysCreek,11.7,22.9,8.2,NA,NA,SW,20,SW,N,13,4,84,49,1019.3,1015.6,NA,NA,17.1,22.4,Yes,No
2011-05-02,BadgerysCreek,9.3,19.2,0,NA,NA,W,11,NA,WSW,0,2,100,68,1016.9,1015,NA,NA,12.4,18.7,No,No
2011-05-03,BadgerysCreek,11,19.4,0.2,NA,NA,SSW,22,SW,S,11,13,97,68,1015.4,1014.1,NA,NA,14.9,18.3,No,No
2011-05-04,BadgerysCreek,10.6,22.4,0,NA,NA,E,30,SW,S,19,9,66,49,1017.3,1015.4,NA,NA,16,21,No,No
2011-05-05,BadgerysCreek,8.6,19.9,0.2,NA,NA,SW,31,SW,SE,17,11,67,49,1021.9,1021.4,NA,NA,15,17.6,No,No
2011-05-06,BadgerysCreek,7.3,19.1,0,NA,NA,SW,26,SW,WSW,19,6,68,41,1024.6,1020.4,NA,NA,13.6,18.6,No,No
2011-05-07,BadgerysCreek,5.7,20.5,0,NA,NA,NNE,19,SW,N,7,7,85,46,1019.7,1015.2,NA,NA,11.9,19.6,No,No
2011-05-08,BadgerysCreek,2.4,21.2,0,NA,NA,W,15,NNW,NNW,4,2,83,35,1014.4,1010.4,NA,NA,11,20.7,No,No
2011-05-09,BadgerysCreek,6,18.2,0,NA,NA,SSW,39,SW,S,15,22,59,55,1015.6,1014.3,NA,NA,13.8,16.4,No,No
2011-05-10,BadgerysCreek,7.9,18.6,0,NA,NA,SW,43,SW,SW,26,13,54,37,1016.3,1013.2,NA,NA,12.8,17.5,No,No
2011-05-11,BadgerysCreek,0,16.3,0,NA,NA,W,46,NA,WNW,0,28,99,39,1009.3,1007,NA,NA,5.5,14.3,No,No
2011-05-12,BadgerysCreek,3.1,16.8,0,NA,NA,W,41,WSW,WSW,22,26,52,33,1011,1009.9,NA,NA,11.2,15.3,No,No
2011-05-13,BadgerysCreek,1.7,21.2,0,NA,NA,WSW,46,NNE,WNW,4,19,69,41,1012.3,1008.4,NA,NA,12.1,19.3,No,No
2011-05-14,BadgerysCreek,8.4,16.5,0.2,NA,NA,SW,52,WSW,SW,11,26,49,34,1016.4,1018.1,NA,NA,12.5,16.2,No,No
2011-05-15,BadgerysCreek,0.7,19.5,0,NA,NA,WSW,20,WSW,N,6,6,66,35,1029.1,1026.8,NA,NA,10,18.8,No,No
2011-05-16,BadgerysCreek,-0.1,20.6,0,NA,NA,SSE,15,NA,NE,0,4,81,30,1030.2,1025.9,NA,NA,8.4,20.2,No,No
2011-05-17,BadgerysCreek,2.2,19.6,0,NA,NA,ESE,20,SW,NE,11,4,77,43,1030.7,1028,NA,NA,10.3,19.4,No,No
2011-05-18,BadgerysCreek,2.9,20.4,0,NA,NA,NE,17,N,ENE,4,9,86,45,1032.9,1029.4,NA,NA,10.5,20.2,No,No
2011-05-19,BadgerysCreek,5.1,21.3,0,NA,NA,NNE,26,NW,N,2,13,100,55,1031.6,1027.8,NA,NA,9.6,20.6,No,No
2011-05-20,BadgerysCreek,5,22.6,0,NA,NA,ENE,15,E,ENE,2,7,100,42,1028.6,1024.2,NA,NA,11.6,22.4,No,No
2011-05-21,BadgerysCreek,5.7,24.1,0,NA,NA,NE,17,NA,NNE,0,9,80,42,1025.6,1021.2,NA,NA,13.2,23.4,No,No
2011-05-22,BadgerysCreek,5.9,22.6,0,NA,NA,N,20,NA,NNE,0,11,100,50,1021.2,1015,NA,NA,10.8,21.7,No,Yes
2011-05-23,BadgerysCreek,10.8,22.6,3,NA,NA,WNW,56,N,NW,17,26,92,41,1005.7,1001.4,NA,NA,15.1,20.5,Yes,No
2011-05-24,BadgerysCreek,6.5,19.3,0,NA,NA,SW,31,NNW,SE,2,11,56,67,1005.3,1004.7,NA,NA,15.3,15.6,No,Yes
2011-05-25,BadgerysCreek,9.5,16.7,1.2,NA,NA,S,50,SW,SSW,20,20,58,52,1011.9,1011.7,NA,NA,13.3,15.5,Yes,No
2011-05-26,BadgerysCreek,9.4,20.4,0,NA,NA,SW,35,SW,WSW,11,15,54,43,1017.1,1015.3,NA,NA,14.7,19.2,No,No
2011-05-27,BadgerysCreek,3.2,17.6,0,NA,NA,SW,28,WSW,S,6,7,80,47,1019.3,1017.9,NA,NA,9.9,16.6,No,No
2011-05-28,BadgerysCreek,2.9,19,0,NA,NA,S,17,SW,SE,7,11,79,58,1024.3,1022.5,NA,NA,10.9,17.4,No,No
2011-05-29,BadgerysCreek,7.3,18.6,0,NA,NA,SW,20,WSW,WNW,15,6,93,72,1025.6,1022.2,NA,NA,10.8,15.9,No,Yes
2011-05-30,BadgerysCreek,10.6,15.8,4.4,NA,NA,SSW,39,SW,SSW,19,17,99,96,1022,1019.1,NA,NA,12.5,13.4,Yes,Yes
2011-05-31,BadgerysCreek,12.4,18.2,34.8,NA,NA,SE,30,SSE,SE,15,15,96,79,1020.4,1019.9,NA,NA,15.4,17.9,Yes,Yes
2011-06-01,BadgerysCreek,12.3,18.8,32.8,NA,NA,SE,33,SSW,SSE,9,17,86,75,1026,1025.3,NA,NA,15.3,17,Yes,Yes
2011-06-02,BadgerysCreek,12,20.3,3.2,NA,NA,SE,26,SW,SSE,11,13,89,58,1026,1022.9,NA,NA,15.6,18.6,Yes,No
2011-06-03,BadgerysCreek,6.8,20.7,0,NA,NA,NNW,13,NNE,NW,4,4,92,49,1019.7,1014.6,NA,NA,11.2,20.3,No,No
2011-06-04,BadgerysCreek,6.2,17.9,0,NA,NA,SW,17,NE,NA,2,0,98,69,1015.5,1013.9,NA,NA,10,17.1,No,No
2011-06-05,BadgerysCreek,5,17.4,0,NA,NA,SW,26,WNW,WSW,4,7,78,45,1018.3,1012.9,NA,NA,10.6,17.1,No,No
2011-06-06,BadgerysCreek,2.9,17.6,0,NA,NA,SW,26,W,SW,4,19,63,46,1016.1,1015.9,NA,NA,12.9,15.5,No,No
2011-06-07,BadgerysCreek,0.8,14.4,0,NA,NA,WNW,33,NW,WNW,2,19,98,45,1017.8,1013.5,NA,NA,5.4,13.7,No,No
2011-06-08,BadgerysCreek,3.2,13.5,0,NA,NA,WSW,54,W,WSW,13,31,53,39,1015.6,1013.3,NA,NA,9.5,11.8,No,No
2011-06-09,BadgerysCreek,3.8,16.6,0.4,NA,NA,WSW,46,WSW,WSW,17,26,55,45,1014.1,1011.9,NA,NA,11,15,No,No
2011-06-10,BadgerysCreek,6.7,16.6,0,NA,NA,WSW,43,SW,SW,19,15,54,64,1016.3,1017.4,NA,NA,13.6,13.6,No,No
2011-06-11,BadgerysCreek,6.6,16.1,0,NA,NA,S,39,SW,SSE,19,13,68,66,1025,1024.8,NA,NA,12.7,14.4,No,No
2011-06-12,BadgerysCreek,9.8,16.1,0.8,NA,NA,S,46,SW,S,15,19,84,64,1026.1,1023.7,NA,NA,12.3,15.3,No,No
2011-06-13,BadgerysCreek,9.4,13.9,0,NA,NA,SSE,31,SW,E,13,9,79,94,1024.7,1022.2,NA,NA,12.9,13.4,No,Yes
2011-06-14,BadgerysCreek,10.7,15.3,8.8,NA,NA,SSW,41,SSW,S,19,17,86,90,1022.1,1020.9,NA,NA,13.6,13.5,Yes,Yes
2011-06-15,BadgerysCreek,10.8,16.8,7.8,NA,NA,SSE,48,SSW,S,15,17,80,77,1024,1022.2,NA,NA,14.1,15.2,Yes,Yes
2011-06-16,BadgerysCreek,11,17.5,7.2,NA,NA,S,24,SW,SSW,15,11,82,57,1022,1016.9,NA,NA,12.9,16.5,Yes,No
2011-06-17,BadgerysCreek,3.1,17.6,0,NA,NA,WSW,59,N,W,4,26,99,47,1008.3,1006.4,NA,NA,6.4,15.8,No,No
2011-06-18,BadgerysCreek,6,17.5,0,NA,NA,WSW,54,WNW,WSW,7,19,56,47,1012,1010.6,NA,NA,11.9,16.2,No,No
2011-06-19,BadgerysCreek,1.9,18.7,0,NA,NA,SW,20,NA,WNW,0,6,87,43,1016.6,1014.1,NA,NA,8.7,18.1,No,No
2011-06-20,BadgerysCreek,1.8,19.1,0,NA,NA,WNW,37,NNE,WNW,4,24,88,45,1015.7,1012.3,NA,NA,8.6,17.7,No,No
2011-06-21,BadgerysCreek,6.6,20.5,0,NA,NA,WSW,63,N,SW,17,37,71,60,1004.4,1003.2,NA,NA,11.5,12.2,No,No
2011-06-22,BadgerysCreek,2.9,15.8,0,NA,NA,W,52,SE,WSW,4,19,64,42,1011,1011,NA,NA,10.4,14.6,No,No
2011-06-23,BadgerysCreek,2.4,19.4,0,NA,NA,WSW,37,NNW,WSW,4,22,75,42,1016.7,1017.6,NA,NA,11.5,18.3,No,No
2011-06-24,BadgerysCreek,0.8,17.7,0,NA,NA,W,22,NNE,SW,2,7,90,48,1026.7,1024.6,NA,NA,8.5,17.1,No,No
2011-06-25,BadgerysCreek,2.3,18.6,0,NA,NA,NNE,17,W,NE,2,9,100,57,1031.4,1027.9,NA,NA,8,17.9,No,No
2011-06-26,BadgerysCreek,-0.4,19.4,0.2,NA,NA,NNE,11,NA,NNE,0,6,100,42,1026.9,1023.2,NA,NA,5.6,18.9,No,No
2011-06-27,BadgerysCreek,0.5,19,0.2,NA,NA,SW,22,SE,E,2,9,99,52,1028.3,1027.2,NA,NA,8.3,18.4,No,No
2011-06-28,BadgerysCreek,6.7,18.7,0,NA,NA,SSW,24,SW,E,11,9,92,54,1034.8,1032.8,NA,NA,10.2,17.3,No,No
2011-06-29,BadgerysCreek,9.2,16.3,0,NA,NA,SSW,35,SSW,SSW,15,9,74,89,1037.4,1036.4,NA,NA,14.8,13.8,No,Yes
2011-06-30,BadgerysCreek,8.9,16.3,2.8,NA,NA,SE,22,WSW,SE,6,7,93,61,1038.2,1035,NA,NA,11.9,15.5,Yes,No
2011-07-01,BadgerysCreek,9.1,18.3,0.2,NA,NA,SW,22,SW,SSE,11,11,94,62,1032.2,1028.1,NA,NA,11.9,17.1,No,No
2011-07-02,BadgerysCreek,8.9,18.1,0.6,NA,NA,NNE,22,NNW,NE,2,13,86,59,1026.9,1022.4,NA,NA,13.1,17.3,No,No
2011-07-03,BadgerysCreek,1.9,19.5,0,NA,NA,NNE,31,W,NNE,2,22,100,51,1022.3,1016.9,NA,NA,6.9,18.2,No,No
2011-07-04,BadgerysCreek,6.8,20.6,0,NA,NA,NW,48,N,NW,17,31,68,50,1014.2,1010.1,NA,NA,15.2,19,No,No
2011-07-05,BadgerysCreek,11.5,16.6,0,NA,NA,WNW,63,W,W,20,31,43,34,1009.9,1005,NA,NA,13.8,15.4,No,No
2011-07-06,BadgerysCreek,5.6,16.9,0,NA,NA,WNW,57,NNW,WNW,11,39,48,39,1010,1007.5,NA,NA,13.3,15.4,No,No
2011-07-07,BadgerysCreek,10.9,16.4,0,NA,NA,W,61,W,WSW,31,31,50,38,1008.9,1014.3,NA,NA,13.8,14.8,No,No
2011-07-08,BadgerysCreek,-1.4,17.2,0,NA,NA,NA,NA,N,NNW,4,6,81,36,1022.6,1018.2,NA,NA,5.6,16.5,No,No
2011-07-09,BadgerysCreek,1.9,16.6,0,NA,NA,WSW,37,NNW,SW,4,22,66,40,1019.6,1016.2,NA,NA,7.7,15.5,No,No
2011-07-10,BadgerysCreek,-0.6,16.1,0,NA,NA,WNW,46,W,WNW,26,26,49,33,1015.5,1010.6,NA,NA,11,15.2,No,No
2011-07-11,BadgerysCreek,4.3,17.3,0,NA,NA,W,35,W,SSW,7,11,48,32,1018.1,1018.1,NA,NA,11.4,16.4,No,No
2011-07-12,BadgerysCreek,-1.7,17.9,0,NA,NA,N,19,N,N,6,9,84,38,1022.6,1017.9,NA,NA,5.3,17.4,No,No
2011-07-13,BadgerysCreek,4.7,11.3,0,NA,NA,WSW,28,WSW,SW,9,7,86,67,1019.2,1017.3,NA,NA,5.3,9.2,No,No
2011-07-14,BadgerysCreek,3,14.8,0,NA,NA,S,41,SSE,SSW,4,17,73,35,1026.2,1027.4,NA,NA,9.2,13.8,No,No
2011-07-15,BadgerysCreek,1.1,15.7,0,NA,NA,S,28,WSW,ESE,13,11,71,63,1035.1,1032.5,NA,NA,7.7,13.8,No,No
2011-07-16,BadgerysCreek,7.6,15.1,0.8,NA,NA,NNW,17,SW,NNE,6,11,100,67,1031.9,1027.7,NA,NA,10.3,14.1,No,No
2011-07-17,BadgerysCreek,8.1,16.8,0.2,NA,NA,N,20,SW,NNE,9,13,98,66,1025.3,1021.4,NA,NA,10.7,15.2,No,No
2011-07-18,BadgerysCreek,3,19,0,NA,NA,W,31,NE,NNE,2,4,100,46,1018.9,1014.8,NA,NA,5.3,18.5,No,No
2011-07-19,BadgerysCreek,0.7,14.2,0.4,NA,NA,NA,NA,NA,W,0,19,99,82,1014.8,1011.8,NA,NA,2.3,9.1,No,Yes
2011-07-20,BadgerysCreek,2.3,17.8,7.4,NA,NA,SSW,56,SW,SSW,24,31,77,61,1014.3,1014.6,NA,NA,14.1,16.3,Yes,No
2011-07-21,BadgerysCreek,10.4,12.7,1,NA,NA,SW,39,SW,SW,17,20,86,91,1017.3,1015.7,NA,NA,11.6,11.2,No,Yes
2011-07-22,BadgerysCreek,10.1,13.6,28.4,NA,NA,SSW,37,SSW,SSW,20,13,86,93,1019.2,1019.2,NA,NA,11.7,10.7,Yes,Yes
2011-07-23,BadgerysCreek,7.7,15.9,7.4,NA,NA,SW,39,SW,SSW,19,9,72,74,1020.9,1019.6,NA,NA,11.7,13,Yes,No
2011-07-24,BadgerysCreek,3.7,14.3,0,NA,NA,WSW,19,WSW,WSW,7,9,85,53,1020.2,1017.9,NA,NA,8.1,12.9,No,No
2011-07-25,BadgerysCreek,3.7,18.5,0.2,NA,NA,SW,24,NW,W,2,9,89,51,1018,1014.7,NA,NA,8.3,16.8,No,No
2011-07-26,BadgerysCreek,0.6,18.2,0,NA,NA,WSW,37,NA,WSW,0,11,97,42,1020.2,1019.1,NA,NA,7.8,16.6,No,No
2011-07-27,BadgerysCreek,3.6,17,0,NA,NA,SW,28,SW,ESE,17,2,71,56,1027.2,1026.8,NA,NA,10,15.2,No,No
2011-07-28,BadgerysCreek,1.1,18.3,0.2,NA,NA,N,13,NA,NNE,0,6,100,49,1029.5,1025.5,NA,NA,7.1,17.9,No,No
2011-07-29,BadgerysCreek,0.5,19.3,0,NA,NA,N,11,NA,N,0,4,100,34,1027.2,1023.4,NA,NA,6.8,19,No,No
2011-07-30,BadgerysCreek,0.5,19.2,0.2,NA,NA,NNE,15,NA,NNE,0,7,100,37,1024.8,1020.4,NA,NA,8.1,18.6,No,No
2011-07-31,BadgerysCreek,0.4,19,0,NA,NA,WSW,11,NNE,NNE,2,6,100,43,1022.6,1019.5,NA,NA,7.7,18.6,No,No
2011-08-01,BadgerysCreek,3.7,21.9,0,NA,NA,NNE,19,SW,N,4,11,100,42,1022.8,1019,NA,NA,9.4,21.5,No,No
2011-08-02,BadgerysCreek,1.7,22.7,0,NA,NA,NE,13,NA,ENE,0,6,100,33,1023.6,1020.6,NA,NA,10.4,22.3,No,No
2011-08-03,BadgerysCreek,7.2,24.2,0,NA,NA,NNE,17,NA,NNE,0,11,100,41,1023.1,1021.2,NA,NA,10.5,24,No,No
2011-08-04,BadgerysCreek,4.8,25.3,0,NA,NA,NA,NA,NA,NNE,0,9,100,37,1026.9,1023.5,NA,NA,12.4,25.1,No,NA
2011-08-05,BadgerysCreek,4.2,24.3,NA,NA,NA,NNW,28,N,WNW,6,13,89,31,1025.7,1021.3,NA,NA,11.6,23.9,NA,No
2011-08-06,BadgerysCreek,3.8,21.6,0,NA,NA,WSW,33,WSW,WSW,2,9,84,51,1021.4,1016.5,NA,NA,11.2,21.3,No,No
2011-08-07,BadgerysCreek,9,19.1,1,NA,NA,WNW,46,NE,NNW,6,11,100,98,1017.2,1012.3,NA,NA,11.9,12.8,No,Yes
2011-08-08,BadgerysCreek,2.7,17.4,5,NA,NA,W,30,WNW,SSW,2,9,100,45,1010.9,1007.8,NA,NA,9.9,15.5,Yes,No
2011-08-09,BadgerysCreek,2.5,16.4,0,NA,NA,WSW,28,SW,WSW,4,13,100,47,1008.4,1005.8,NA,NA,7.9,14.6,No,No
2011-08-10,BadgerysCreek,0.3,17.8,0,NA,NA,WSW,35,N,W,9,20,100,36,1007.5,1004.7,NA,NA,8.7,16.5,No,No
2011-08-11,BadgerysCreek,0.2,17.8,0,NA,NA,WSW,26,NA,W,0,15,100,50,1009,1008.2,NA,NA,5.9,16.2,No,Yes
2011-08-12,BadgerysCreek,5.8,17.7,2.4,NA,NA,SW,35,SW,SSE,17,11,86,52,1018.8,1018.4,NA,NA,13.4,17.4,Yes,No
2011-08-13,BadgerysCreek,1.5,18.3,0.2,NA,NA,ENE,19,SE,ENE,2,4,100,45,1024.6,1022,NA,NA,8.9,17.7,No,No
2011-08-14,BadgerysCreek,7.8,17.8,0,NA,NA,SSE,26,SSW,SE,6,15,100,67,1026.2,1023.8,NA,NA,11.9,16.4,No,No
2011-08-15,BadgerysCreek,4.2,18.8,0.2,NA,NA,E,19,NA,ESE,0,11,100,61,1026.5,1022.4,NA,NA,9.2,16.6,No,No
2011-08-16,BadgerysCreek,6,18.9,0,NA,NA,ENE,20,NNE,ENE,2,11,100,63,1022,1018.3,NA,NA,13.2,18,No,No
2011-08-17,BadgerysCreek,5.9,13.2,0,NA,NA,N,17,W,NNE,2,11,100,100,1018.5,1013.9,NA,NA,10.6,12.6,No,Yes
2011-08-18,BadgerysCreek,8.2,17.5,12.8,NA,NA,WNW,41,NNE,WNW,7,20,100,38,1009.2,1009.1,NA,NA,12.1,16.8,Yes,No
2011-08-19,BadgerysCreek,2.9,15.5,0.6,NA,NA,SSW,50,WSW,S,15,30,100,91,1014.8,1017.4,NA,NA,10.1,14.9,No,Yes
2011-08-20,BadgerysCreek,9.9,19,20.4,NA,NA,ESE,37,S,SE,11,20,72,55,1029.6,1028.9,NA,NA,15,17,Yes,No
2011-08-21,BadgerysCreek,8.4,17.7,1,NA,NA,SE,31,S,SSE,13,17,69,57,1035.6,1034.8,NA,NA,14,16.1,No,No
2011-08-22,BadgerysCreek,7.8,17.6,0.2,NA,NA,SE,30,WSW,SE,11,15,85,60,1038.6,1036.8,NA,NA,13.4,15.6,No,No
2011-08-23,BadgerysCreek,9.1,17.6,0,NA,NA,E,13,SW,NE,6,4,87,67,1036.5,1031.7,NA,NA,13.8,17,No,No
2011-08-24,BadgerysCreek,7.8,19.5,0.2,NA,NA,N,26,NNE,N,6,9,100,52,1030.7,1026.4,NA,NA,12,18.9,No,No
2011-08-25,BadgerysCreek,2.8,21.7,0,NA,NA,NNE,17,NNW,NNE,4,7,100,49,1026,1020.4,NA,NA,10.8,21.2,No,No
2011-08-26,BadgerysCreek,3.3,21.8,0.2,NA,NA,E,24,WSW,ENE,13,13,97,55,1026,1022.1,NA,NA,15.6,20.8,No,No
2011-08-27,BadgerysCreek,8,19.1,0.2,NA,NA,NNE,15,NNE,N,4,6,100,72,1022.1,1018,NA,NA,11.2,18,No,No
2011-08-28,BadgerysCreek,5.4,20.7,0,NA,NA,NNE,22,SW,NE,7,7,100,55,1021.5,1016.5,NA,NA,12.9,20.3,No,No
2011-08-29,BadgerysCreek,5,22.5,0.2,NA,NA,SW,24,NE,WSW,6,9,78,33,1017.2,1015.3,NA,NA,15.7,22.1,No,No
2011-08-30,BadgerysCreek,8.9,18.5,0,NA,NA,ESE,26,WSW,E,9,15,83,64,1023.4,1020.5,NA,NA,14.2,17.4,No,No
2011-08-31,BadgerysCreek,7.4,21,0,NA,NA,ESE,26,SW,NNE,2,6,92,46,1024,1020.6,NA,NA,13.6,20.6,No,No
2011-09-01,BadgerysCreek,10.8,21.5,0,NA,NA,ESE,31,SSW,ESE,4,20,88,64,1024.5,1021.8,NA,NA,16,18.5,No,No
2011-09-02,BadgerysCreek,9.5,17.4,0,NA,NA,SW,28,SSW,ESE,17,11,62,54,1029.8,1028.5,NA,NA,14.4,16.1,No,No
2011-09-03,BadgerysCreek,4.6,20.2,0,NA,NA,N,31,N,N,4,15,95,45,1031.2,1026.4,NA,NA,12.1,19.9,No,No
2011-09-04,BadgerysCreek,4.2,23,0,NA,NA,NE,26,SW,NNE,2,9,100,45,1028.3,1023.2,NA,NA,12.6,22.4,No,No
2011-09-05,BadgerysCreek,9.3,24.2,0,NA,NA,ENE,22,S,E,2,9,100,41,1026.6,1022.4,NA,NA,15.6,23.6,No,No
2011-09-06,BadgerysCreek,6.3,26.1,0.6,NA,NA,W,56,WSW,WNW,2,20,95,30,1019.6,1014,NA,NA,14.9,25.6,No,Yes
2011-09-07,BadgerysCreek,9.4,20.7,1.8,NA,NA,ENE,30,WSW,NNE,6,7,56,27,1019.9,1016.6,NA,NA,12.4,20.6,Yes,No
2011-09-08,BadgerysCreek,8.6,18,0,NA,NA,E,22,SW,E,9,13,73,64,1021.4,1017.4,NA,NA,14,16.8,No,Yes
2011-09-09,BadgerysCreek,10.8,16.2,7.2,NA,NA,WSW,30,NNW,E,6,2,100,73,1009.7,1006,NA,NA,10.8,14,Yes,Yes
2011-09-10,BadgerysCreek,5.7,17,2,NA,NA,SW,61,SW,WSW,28,24,49,40,1011,1008.7,NA,NA,11.5,15,Yes,No
2011-09-11,BadgerysCreek,5.5,19.1,0.2,NA,NA,W,41,WSW,W,22,22,51,40,1013.1,1011.7,NA,NA,14.8,17,No,No
2011-09-12,BadgerysCreek,6.1,19.1,0,NA,NA,SSW,33,SW,ENE,19,6,48,33,1023.4,1022,NA,NA,13.6,18.5,No,No
2011-09-13,BadgerysCreek,1.2,23.4,0,NA,NA,NW,37,N,NNE,2,7,81,25,1026.1,1019.3,NA,NA,11.5,22.4,No,No
2011-09-14,BadgerysCreek,3.6,25.7,0,NA,NA,WSW,43,NNE,WSW,4,26,48,20,1022.4,1017.3,NA,NA,16.4,24.8,No,No
2011-09-15,BadgerysCreek,10,22.4,0,NA,NA,ENE,26,ESE,ESE,7,17,76,53,1022.5,1017.2,NA,NA,17.7,20.7,No,No
2011-09-16,BadgerysCreek,4.6,28.7,0,NA,NA,SW,54,NE,S,2,6,84,35,1018.5,1012,NA,NA,14.5,25.3,No,No
2011-09-17,BadgerysCreek,7.8,27.8,0,NA,NA,NE,20,W,NE,2,9,51,32,1017.5,1012.3,NA,NA,18.7,27.4,No,No
2011-09-18,BadgerysCreek,6.1,29.9,0.2,NA,NA,ESE,41,NNE,SSE,2,17,100,55,1013.2,1015.5,NA,NA,16,21.8,No,No
2011-09-19,BadgerysCreek,13.4,26,0,NA,NA,N,35,NNE,NE,20,15,71,50,1020.3,1012.5,NA,NA,19.3,25.5,No,No
2011-09-20,BadgerysCreek,8.8,26.6,0,NA,NA,W,69,NNW,W,24,39,38,31,1004.5,1007.5,NA,NA,24.8,21.3,No,No
2011-09-21,BadgerysCreek,5.6,24.6,0,NA,NA,SW,30,NNW,NNE,7,11,43,25,1020.4,1016.6,NA,NA,16.3,23.3,No,No
2011-09-22,BadgerysCreek,5.6,24.1,0,NA,NA,NNE,26,W,NNE,4,13,50,33,1024.2,1018.1,NA,NA,16.8,23.5,No,No
2011-09-23,BadgerysCreek,4.7,31,0,NA,NA,SW,50,NE,WSW,4,31,72,16,1016.5,1013.1,NA,NA,16.9,29.7,No,No
2011-09-24,BadgerysCreek,12.8,18.1,0.2,NA,NA,ENE,24,SW,ESE,4,11,88,72,1021.8,1017.6,NA,NA,14.6,16.4,No,Yes
2011-09-25,BadgerysCreek,11.2,16.1,22.2,NA,NA,S,37,SW,SW,15,7,100,100,1019.5,1021.2,NA,NA,11.6,11.7,Yes,Yes
2011-09-26,BadgerysCreek,9.6,19.1,22.6,NA,NA,SE,30,S,ESE,13,17,68,55,1025.4,1021.8,NA,NA,15.6,17.2,Yes,No
2011-09-27,BadgerysCreek,6.4,20.9,0.2,NA,NA,N,35,NNE,NE,4,13,76,44,1023,1017.5,NA,NA,14.9,20.1,No,No
2011-09-28,BadgerysCreek,7.5,16.2,0.2,NA,NA,NNE,31,N,NNE,2,11,90,100,1015.5,1010.2,NA,NA,14.3,15,No,Yes
2011-09-29,BadgerysCreek,14.2,20.6,10.8,NA,NA,W,65,NNE,NW,13,19,100,41,997.4,996.4,NA,NA,15.3,17.3,Yes,No
2011-09-30,BadgerysCreek,10.1,19.6,0.2,NA,NA,W,59,W,W,26,20,50,39,1004.9,1003.5,NA,NA,14.8,17.4,No,No
2011-10-01,BadgerysCreek,5.1,18.6,0,NA,NA,SSW,30,NNW,N,2,13,65,54,1006.8,1004.9,NA,NA,14.5,15.8,No,Yes
2011-10-02,BadgerysCreek,9.5,16.3,4.6,NA,NA,S,48,SSW,SSE,17,26,100,62,1014.4,1016.8,NA,NA,11.4,16.2,Yes,Yes
2011-10-03,BadgerysCreek,7.7,19.1,10.8,NA,NA,SW,33,SW,S,13,13,75,49,1023.5,1020.9,NA,NA,12.7,17.3,Yes,No
2011-10-04,BadgerysCreek,6.9,18.3,0.2,NA,NA,SSW,30,SW,ESE,19,7,73,56,1024.9,1022.6,NA,NA,13.7,18,No,No
2011-10-05,BadgerysCreek,7.3,18.9,0,NA,NA,NNE,22,SW,ENE,7,6,83,47,1022.8,1017.8,NA,NA,14.2,18.3,No,No
2011-10-06,BadgerysCreek,10,19.2,0,NA,NA,NNE,22,WSW,NNE,6,15,84,70,1016.7,1013.5,NA,NA,14.1,16.3,No,Yes
2011-10-07,BadgerysCreek,12.3,21.9,1.6,NA,NA,N,20,WNW,N,2,13,100,73,1013.6,1009.8,NA,NA,14.8,20.6,Yes,Yes
2011-10-08,BadgerysCreek,14.7,21.3,5.4,NA,NA,SE,22,NA,S,0,9,100,99,1011.2,1009.4,NA,NA,15.9,17.1,Yes,Yes
2011-10-09,BadgerysCreek,9.8,22.6,3.8,NA,NA,WSW,44,NNW,WSW,7,22,100,40,1008.5,1005,NA,NA,13.1,20.2,Yes,No
2011-10-10,BadgerysCreek,6.7,23.3,0,NA,NA,WSW,30,W,NNW,2,4,100,39,1010,1005.8,NA,NA,13.1,21.3,No,No
2011-10-11,BadgerysCreek,8.9,22,0,NA,NA,WSW,33,SW,WNW,15,11,52,31,1011.5,1009.2,NA,NA,15.2,21.3,No,No
2011-10-12,BadgerysCreek,4.9,21.4,0,NA,NA,SE,33,SW,E,9,19,68,53,1017.7,1016,NA,NA,14.3,19.8,No,No
2011-10-13,BadgerysCreek,12.6,21.2,0,NA,NA,ENE,28,SSE,NE,7,11,77,56,1023.3,1020.5,NA,NA,16.2,20.4,No,No
2011-10-14,BadgerysCreek,12.9,17.8,0,NA,NA,NE,19,WSW,ENE,4,4,95,99,1020.8,1017.3,NA,NA,14.7,16.2,No,No
2011-10-15,BadgerysCreek,14.4,25.9,0,NA,NA,E,24,WSW,SE,7,15,100,52,1011.1,1006.7,NA,NA,17.7,25.1,No,No
2011-10-16,BadgerysCreek,13.2,26.5,0,NA,NA,WSW,37,WSW,SW,9,19,49,28,1014.2,1013.8,NA,NA,19.8,25.6,No,No
2011-10-17,BadgerysCreek,5.5,20.6,0,NA,NA,ENE,30,SW,E,6,7,64,44,1031.5,1030.6,NA,NA,14.2,20.4,No,No
2011-10-18,BadgerysCreek,11.4,22,0,NA,NA,ENE,28,ESE,ENE,2,9,58,44,1035.2,1030.7,NA,NA,16.3,21.1,No,No
2011-10-19,BadgerysCreek,6.8,24.9,0,NA,NA,E,28,ESE,NE,2,9,81,33,1031.7,1026.9,NA,NA,15.6,24.4,No,No
2011-10-20,BadgerysCreek,6.8,28.3,0,NA,NA,E,26,SSW,NNE,4,13,86,23,1028.2,1022.4,NA,NA,15.8,27.6,No,No
2011-10-21,BadgerysCreek,10.2,30.7,0,NA,NA,ENE,28,NW,NNE,2,9,67,28,1024.2,1020.6,NA,NA,19.6,29.6,No,No
2011-10-22,BadgerysCreek,10.5,29.8,0,NA,NA,E,24,N,NE,6,13,83,35,1024.9,1020.5,NA,NA,18.1,28.6,No,No
2011-10-23,BadgerysCreek,12.9,29.9,0,NA,NA,ENE,24,W,NE,2,11,78,31,1022.3,1016.8,NA,NA,19.6,29.3,No,No
2011-10-24,BadgerysCreek,12.9,33.5,0,NA,NA,WNW,48,N,W,9,28,73,24,1014.2,1007.4,NA,NA,21.3,32.4,No,No
2011-10-25,BadgerysCreek,17.7,19.3,0.8,NA,NA,S,33,ESE,S,6,15,100,100,1010.8,1014.4,NA,NA,17.9,15.7,No,Yes
2011-10-26,BadgerysCreek,11.5,16.9,12,NA,NA,SE,30,SW,SSE,11,13,92,73,1023.1,1022.8,NA,NA,13.5,15.4,Yes,Yes
2011-10-27,BadgerysCreek,10.9,18.3,1.4,NA,NA,ENE,22,SSW,SW,7,7,84,76,1024.2,1022,NA,NA,16.1,16.7,Yes,No
2011-10-28,BadgerysCreek,12.5,24.4,0,NA,NA,NNE,28,NE,N,4,13,83,61,1019.8,1014.7,NA,NA,17.3,23.4,No,No
2011-10-29,BadgerysCreek,13.7,28.1,0,NA,NA,N,24,SW,NE,4,9,92,68,1011.2,1008.4,NA,NA,19.4,26.5,No,Yes
2011-10-30,BadgerysCreek,15.4,27.5,1.8,NA,NA,WSW,46,SE,W,2,26,100,27,1012.4,1009.5,NA,NA,19.3,26.8,Yes,No
2011-10-31,BadgerysCreek,9.8,22.6,0.2,NA,NA,E,31,SSW,E,7,17,55,51,1020.9,1018.8,NA,NA,17.9,21.1,No,No
2011-11-01,BadgerysCreek,13.7,22.4,0,NA,NA,NA,NA,ENE,NA,6,NA,65,NA,1020.2,NA,NA,NA,16.8,NA,No,NA
2011-11-02,BadgerysCreek,10.4,25.2,NA,NA,NA,ESE,35,ESE,E,2,20,85,46,1011.4,1008.4,NA,NA,17.9,23.6,NA,Yes
2011-11-03,BadgerysCreek,13.4,18.3,4.4,NA,NA,SE,26,SSE,ESE,6,9,100,80,1013.2,1013.8,NA,NA,13.9,15.7,Yes,Yes
2011-11-04,BadgerysCreek,12.9,23.1,5.6,NA,NA,E,30,ESE,E,4,13,64,50,1019.1,1017.3,NA,NA,18.1,21.9,Yes,No
2011-11-05,BadgerysCreek,12.8,28.4,0.2,NA,NA,NNE,30,N,NNE,13,13,68,42,1019.4,1014,NA,NA,19,27.1,No,No
2011-11-06,BadgerysCreek,12.9,33.8,0,NA,NA,NW,30,NNE,NNE,2,20,79,45,1013.1,1008.6,NA,NA,22.3,28.7,No,No
2011-11-07,BadgerysCreek,18.3,31.4,0,NA,NA,NA,NA,E,SE,6,22,64,64,1013.3,1011.5,NA,NA,25.4,24.4,No,NA
2011-11-08,BadgerysCreek,17.4,34.6,NA,NA,NA,WNW,67,SW,NNE,4,13,100,43,1014.5,1007.9,NA,NA,19.9,31.6,NA,Yes
2011-11-09,BadgerysCreek,17.1,32.9,9,NA,NA,NE,24,NNW,NNE,6,9,100,53,1015.1,1010.5,NA,NA,19.9,31.6,Yes,No
2011-11-10,BadgerysCreek,19.9,28.6,0,NA,NA,WSW,59,NW,WSW,6,35,78,33,1010.8,1011.7,NA,NA,22.2,27.6,No,No
2011-11-11,BadgerysCreek,14.4,25.8,0,NA,NA,E,41,N,E,7,22,73,43,1024.7,1021.1,NA,NA,18.9,24.8,No,No
2011-11-12,BadgerysCreek,15.7,29.1,0,NA,NA,E,35,NA,NE,0,7,79,41,1019.2,1013.8,NA,NA,19.9,28.6,No,No
2011-11-13,BadgerysCreek,14.6,26.9,0,NA,NA,NE,33,SW,ENE,2,11,79,60,1018.4,1012.9,NA,NA,20.2,25.7,No,No
2011-11-14,BadgerysCreek,14.9,37.2,0,NA,NA,NW,63,NNE,WNW,2,37,100,19,1009.9,1004.9,NA,NA,19,35.3,No,No
2011-11-15,BadgerysCreek,14.2,29.7,0,NA,NA,ENE,33,NNE,NNE,6,11,63,43,1019.2,1015,NA,NA,21.5,28.8,No,No
2011-11-16,BadgerysCreek,12.8,24.4,0,NA,NA,SSE,43,SE,S,13,15,69,72,1016.8,1019.5,NA,NA,20.6,19.5,No,Yes
2011-11-17,BadgerysCreek,14.7,20.3,11,NA,NA,SE,13,NA,ESE,0,6,100,100,1020.3,1018.7,NA,NA,16,17,Yes,Yes
2011-11-18,BadgerysCreek,16,27.4,5.2,NA,NA,NNE,24,NNE,NE,11,13,82,62,1018.7,1015.3,NA,NA,19.8,25.7,Yes,No
2011-11-19,BadgerysCreek,17.9,34.7,0,NA,NA,NNE,31,NA,N,0,7,91,37,1015.3,1009.5,NA,NA,20.6,34,No,No
2011-11-20,BadgerysCreek,18.4,34.8,0,NA,NA,W,57,ENE,WNW,7,37,73,35,1010,1008.5,NA,NA,24,29.4,No,No
2011-11-21,BadgerysCreek,11.4,24.7,0.8,NA,NA,NNE,28,W,NE,2,17,76,63,1018.4,1014.4,NA,NA,18.2,21.9,No,Yes
2011-11-22,BadgerysCreek,17.1,19.9,4.2,NA,NA,SW,33,NA,SSW,0,24,100,92,1011.2,1009.5,NA,NA,18.2,17.5,Yes,Yes
2011-11-23,BadgerysCreek,13.6,16.3,31,NA,NA,SSE,30,SW,SSE,11,15,100,100,1016.5,1019.7,NA,NA,13.7,15.8,Yes,Yes
2011-11-24,BadgerysCreek,13.7,17.5,14,NA,NA,SE,28,SSW,ESE,9,11,84,88,1026.7,1026.3,NA,NA,16.2,15.9,Yes,Yes
2011-11-25,BadgerysCreek,13.4,19.6,7.8,NA,NA,ESE,26,SW,E,11,15,100,90,1022.4,1020,NA,NA,14.7,18.1,Yes,Yes
2011-11-26,BadgerysCreek,14.7,29.5,43.2,NA,NA,WNW,43,W,N,9,9,100,56,1007.7,1003.2,NA,NA,19.6,28.2,Yes,Yes
2011-11-27,BadgerysCreek,15.7,29.3,3.2,NA,NA,WSW,48,WSW,WSW,20,17,49,43,1007.1,1008.1,NA,NA,23.7,27.8,Yes,No
2011-11-28,BadgerysCreek,13.2,31.4,0,NA,NA,ENE,31,NNE,NNE,11,19,66,34,1017.2,1014.4,NA,NA,21.7,30.3,No,No
2011-11-29,BadgerysCreek,15.4,31.2,0,NA,NA,E,26,NW,ENE,2,11,82,54,1016.9,1012.8,NA,NA,21.4,30.1,No,No
2011-11-30,BadgerysCreek,19.8,30.4,0,NA,NA,WNW,48,NNE,NW,4,24,90,45,1009.7,1009.2,NA,NA,23.4,28.9,No,Yes
2011-12-01,BadgerysCreek,13.4,21.4,2,NA,NA,S,39,S,ESE,19,11,59,48,1021.3,1020.2,NA,NA,15.4,20,Yes,No
2011-12-02,BadgerysCreek,11.6,20.3,0.2,NA,NA,SSW,35,S,SSE,19,13,56,51,1022.5,1020.5,NA,NA,16.1,19,No,No
2011-12-03,BadgerysCreek,9.3,24.6,0,NA,NA,ENE,26,N,E,4,9,57,38,1020.5,1015.7,NA,NA,17.3,23.1,No,No
2011-12-04,BadgerysCreek,10.3,22.2,0,NA,NA,S,37,S,SE,11,15,70,82,1014.7,1014.9,NA,NA,18.1,15.3,No,Yes
2011-12-05,BadgerysCreek,8.7,19.9,6.4,NA,NA,SW,33,S,SSE,17,17,59,64,1021.5,1019.8,NA,NA,14.5,15.9,Yes,No
2011-12-06,BadgerysCreek,11.3,18.1,0.2,NA,NA,SE,24,SSW,E,7,7,75,61,1020.5,1017.7,NA,NA,14.3,17.7,No,No
2011-12-07,BadgerysCreek,9.1,21.6,0,NA,NA,ESE,22,SSW,ENE,6,11,65,53,1016.4,1013.5,NA,NA,17.4,20.5,No,Yes
2011-12-08,BadgerysCreek,14.6,20.9,15.8,NA,NA,NNE,28,NNW,SW,2,7,99,100,1014.4,1013.4,NA,NA,16.4,16.8,Yes,Yes
2011-12-09,BadgerysCreek,13.5,24.1,11.2,NA,NA,E,28,SSE,E,4,17,74,60,1015.2,1012.6,NA,NA,20.2,23.6,Yes,No
2011-12-10,BadgerysCreek,15.2,24.9,0,NA,NA,ENE,24,SSE,ESE,2,11,85,66,1011.8,1007.5,NA,NA,19.3,23.6,No,No
2011-12-11,BadgerysCreek,14.5,28.1,0,NA,NA,WNW,39,SE,N,6,13,73,90,1004,1002.5,NA,NA,22.2,20.6,No,Yes
2011-12-12,BadgerysCreek,15.9,19.7,15.2,NA,NA,S,33,SW,SE,7,9,100,82,1007.4,1006.3,NA,NA,16.5,18.9,Yes,Yes
2011-12-13,BadgerysCreek,15.7,22.9,3.4,NA,NA,SSW,28,SW,ENE,19,13,70,53,1008.4,1007.4,NA,NA,17,21.7,Yes,Yes
2011-12-14,BadgerysCreek,11.7,22.1,3,NA,NA,ESE,26,SSW,SE,11,9,65,54,1016.1,1015.5,NA,NA,17.7,21.2,Yes,No
2011-12-15,BadgerysCreek,14.3,23.4,0,NA,NA,ESE,28,SE,ENE,6,9,64,55,1020.1,1017.2,NA,NA,19,23.2,No,No
2011-12-16,BadgerysCreek,10.7,20.5,0,NA,NA,SE,20,W,ESE,7,11,69,63,1021.7,1020.8,NA,NA,18.9,19.4,No,No
2011-12-17,BadgerysCreek,14.7,23.4,0,NA,NA,E,31,E,ENE,9,7,66,51,1023.3,1020.9,NA,NA,18.6,22.9,No,No
2011-12-18,BadgerysCreek,12.2,24.4,0,NA,NA,ENE,26,NA,NNE,0,11,84,52,1019.9,1015.4,NA,NA,16.2,23.5,No,Yes
2011-12-19,BadgerysCreek,16.2,24,1.8,NA,NA,ENE,28,NA,N,0,6,96,75,1010.9,1007.7,NA,NA,18,23.2,Yes,Yes
2011-12-20,BadgerysCreek,16.8,24.4,32.8,NA,NA,E,24,SSW,SE,11,11,76,63,1013.6,1014.1,NA,NA,19.6,22.8,Yes,No
2011-12-21,BadgerysCreek,17,24.8,0,NA,NA,ESE,20,SW,E,2,9,81,63,1018.5,1016.2,NA,NA,18.8,22.7,No,No
2011-12-22,BadgerysCreek,16.4,22.1,0.6,NA,NA,NE,20,SW,NNE,11,11,98,78,1019,1016.2,NA,NA,17.4,21.4,No,Yes
2011-12-23,BadgerysCreek,17.3,26.6,5.8,NA,NA,ENE,26,SW,E,6,13,96,66,1015.3,1012.4,NA,NA,19.4,25,Yes,No
2011-12-24,BadgerysCreek,17.3,28.6,0.2,NA,NA,ENE,30,SW,ENE,7,11,89,58,1014.2,1011.7,NA,NA,21.2,28.1,No,No
2011-12-25,BadgerysCreek,16,29.4,0.2,NA,NA,E,31,SSE,ENE,2,11,89,53,1012.3,1008.6,NA,NA,21.6,28.9,No,No
2011-12-26,BadgerysCreek,17.1,28,0,NA,NA,W,30,WNW,NNE,6,9,78,63,1006.7,1003.8,NA,NA,21.9,26.7,No,No
2011-12-27,BadgerysCreek,18.6,23.8,0.8,NA,NA,S,31,S,SE,15,19,70,56,1010.2,1010.2,NA,NA,20.8,22.7,No,No
2011-12-28,BadgerysCreek,16.3,25.7,0,NA,NA,S,35,S,SE,22,11,55,48,1014.4,1011.5,NA,NA,19.6,24,No,No
2011-12-29,BadgerysCreek,14.1,25.2,0,NA,NA,SE,30,SSE,SE,7,19,65,55,1015,1014.4,NA,NA,20.7,23.9,No,No
2011-12-30,BadgerysCreek,13.2,24.5,0,NA,NA,SE,28,S,SE,7,17,70,53,1019.8,1018.9,NA,NA,18.4,24.1,No,No
2011-12-31,BadgerysCreek,12,24.9,0,NA,NA,ENE,28,S,NE,4,15,78,63,1021.1,1018.1,NA,NA,17.7,23.5,No,No
2012-01-01,BadgerysCreek,11.7,30.3,0.2,NA,NA,E,30,NA,SE,0,6,75,38,1017.9,1014.2,NA,NA,19.9,28.9,No,No
2012-01-02,BadgerysCreek,13.6,29.9,0,NA,NA,ENE,28,N,NE,2,11,71,40,1018.5,1015.3,NA,NA,21.2,29.7,No,No
2012-01-03,BadgerysCreek,15.5,33,0,NA,NA,ESE,28,N,NE,6,13,76,42,1018.2,1014,NA,NA,21.7,31.3,No,No
2012-01-04,BadgerysCreek,17.9,35,0,NA,NA,SSE,63,NA,SW,0,15,73,33,1012.8,1010.1,NA,NA,24.3,33,No,No
2012-01-05,BadgerysCreek,18,27.4,0,NA,NA,NE,31,SSW,NE,6,19,64,57,1018.4,1013.2,NA,NA,20.9,26.3,No,Yes
2012-01-06,BadgerysCreek,17.8,21.9,1.8,NA,NA,SSE,31,S,SE,13,15,76,63,1015.7,1016.2,NA,NA,18.3,19.8,Yes,No
2012-01-07,BadgerysCreek,11.4,28.2,0,NA,NA,ENE,31,NNW,NNE,4,11,74,48,1015.7,1010.8,NA,NA,18.8,27.4,No,No
2012-01-08,BadgerysCreek,17,31.4,0,NA,NA,S,26,SSE,NE,6,4,89,66,1008.9,1002.8,NA,NA,19.5,28.9,No,Yes
2012-01-09,BadgerysCreek,19.1,30.6,6.4,NA,NA,NW,33,SSW,WNW,20,11,58,33,1006.6,1005.2,NA,NA,24.9,29.9,Yes,No
2012-01-10,BadgerysCreek,14.6,29.5,0.2,NA,NA,SW,30,W,WSW,11,13,44,32,1010,1006.8,NA,NA,22.1,28.6,No,No
2012-01-11,BadgerysCreek,16.7,26.7,0,NA,NA,WSW,67,WNW,W,11,35,40,28,1003.9,1002.2,NA,NA,22.3,26.1,No,No
2012-01-12,BadgerysCreek,8.9,24.1,0,NA,NA,ENE,30,SSW,NE,20,11,46,39,1016,1014.4,NA,NA,17.4,23.7,No,No
2012-01-13,BadgerysCreek,9.5,29.2,0,NA,NA,ENE,31,NNE,NE,2,11,59,39,1017.2,1012.3,NA,NA,19.2,27.4,No,No
2012-01-14,BadgerysCreek,17,21.6,0.8,NA,NA,SSE,26,S,ESE,7,11,79,68,1017.6,1015.6,NA,NA,18.4,21.2,No,Yes
2012-01-15,BadgerysCreek,16.9,24.6,13,NA,NA,E,35,SSE,ESE,9,17,86,65,1019.5,1018.7,NA,NA,19.4,23.3,Yes,Yes
2012-01-16,BadgerysCreek,16.8,25.6,10.6,NA,NA,N,48,SW,E,2,7,89,82,1023.1,1021.7,NA,NA,19.4,22.4,Yes,Yes
2012-01-17,BadgerysCreek,15.7,27.7,2.2,NA,NA,ENE,35,N,E,7,13,80,41,1023.3,1020,NA,NA,20.9,26.9,Yes,No
2012-01-18,BadgerysCreek,17.3,30.8,0.2,NA,NA,ENE,26,NNW,NE,2,9,70,50,1017.7,1013.7,NA,NA,23.3,28.8,No,No
2012-01-19,BadgerysCreek,17.8,28.2,0,NA,NA,E,31,SW,E,7,11,87,60,1017.5,1016.6,NA,NA,21.9,27.5,No,No
2012-01-20,BadgerysCreek,18.4,27.8,0,NA,NA,E,28,NA,E,0,19,66,58,1017.5,1014.2,NA,NA,23.4,26.7,No,No
2012-01-21,BadgerysCreek,19.3,25.4,0,NA,NA,SE,24,WSW,ESE,7,13,88,76,1015.8,1015.8,NA,NA,21.6,22.7,No,Yes
2012-01-22,BadgerysCreek,17.3,25.8,4.2,NA,NA,SSE,39,SW,SE,11,19,78,57,1021.6,1021.4,NA,NA,19.9,23.6,Yes,Yes
2012-01-23,BadgerysCreek,15.7,25.5,1.4,NA,NA,E,35,SE,ESE,9,17,75,57,1022.9,1020.8,NA,NA,20.9,23,Yes,No
2012-01-24,BadgerysCreek,15.3,24,1,NA,NA,ENE,22,SW,NE,6,4,79,72,1018.8,1016.3,NA,NA,20.7,22.4,No,Yes
2012-01-25,BadgerysCreek,18.9,24.2,6.8,NA,NA,ENE,28,NA,ENE,0,6,100,100,1014.5,1013.4,NA,NA,20.9,20.7,Yes,Yes
2012-01-26,BadgerysCreek,19.5,27.3,61.4,NA,NA,E,41,S,ENE,9,11,92,71,1014.3,1013.1,NA,NA,22.3,26.5,Yes,Yes
2012-01-27,BadgerysCreek,19.2,23.9,8,NA,NA,SE,37,SSW,E,9,11,95,81,1017.7,1016.8,NA,NA,20.7,22.6,Yes,NA
2012-01-28,BadgerysCreek,18,27.3,NA,NA,NA,E,26,ENE,ESE,11,15,75,68,1015.9,1012.6,NA,NA,22.3,25.6,NA,No
2012-01-29,BadgerysCreek,17.2,28.5,0,NA,NA,ENE,30,SE,ENE,6,24,80,56,1011.4,1007.9,NA,NA,23.5,26.7,No,Yes
2012-01-30,BadgerysCreek,20.9,32.8,1.6,NA,NA,NNE,48,N,N,20,24,83,52,1001.3,997.6,NA,NA,24.5,32.7,Yes,No
2012-01-31,BadgerysCreek,21.4,29.5,0,NA,NA,ESE,37,SW,E,19,19,54,63,1005.4,1007.2,NA,NA,26.1,26.4,No,Yes
2012-02-01,BadgerysCreek,15.8,19,4,NA,NA,S,39,SSW,ESE,15,7,97,100,1015.5,1014.2,NA,NA,15.9,18.1,Yes,Yes
2012-02-02,BadgerysCreek,15.9,18.3,8.8,NA,NA,SSW,19,SW,SE,6,7,100,100,1012.5,1011.3,NA,NA,17.3,17.1,Yes,Yes
2012-02-03,BadgerysCreek,15.6,20.3,20.4,NA,NA,SW,24,WSW,NNE,7,4,100,100,1007,1004.9,NA,NA,17,19.6,Yes,Yes
2012-02-04,BadgerysCreek,16.9,27.8,14.4,NA,NA,ENE,26,WSW,ENE,4,9,96,61,1005.4,1002.8,NA,NA,20.1,26.9,Yes,No
2012-02-05,BadgerysCreek,15.4,30.9,0,NA,NA,E,30,NNW,NE,6,9,100,52,1004.2,999.3,NA,NA,19.3,30,No,No
2012-02-06,BadgerysCreek,17.3,27.6,0,NA,NA,SSE,31,SSE,SE,9,15,83,64,1002.3,1002.8,NA,NA,23,23.9,No,No
2012-02-07,BadgerysCreek,17.4,21.1,0,NA,NA,SSE,20,SSW,SSE,7,7,90,82,1007.9,1007.4,NA,NA,18.7,21,No,No
2012-02-08,BadgerysCreek,17.7,23.1,0.6,NA,NA,E,24,SW,E,9,9,83,68,1011.6,1011.4,NA,NA,20.4,22.5,No,No
2012-02-09,BadgerysCreek,17.1,24.7,1,NA,NA,NNE,31,SSE,WSW,6,9,84,95,1013.9,1012.3,NA,NA,20.6,20.7,No,Yes
2012-02-10,BadgerysCreek,16.6,26.3,48.2,NA,NA,S,28,SSE,N,7,9,100,69,1012.1,1009.3,NA,NA,17.8,24.4,Yes,Yes
2012-02-11,BadgerysCreek,16.8,25.4,7,NA,NA,W,63,SW,SSW,9,7,91,96,1011.6,1010.8,NA,NA,18.5,17.9,Yes,Yes
2012-02-12,BadgerysCreek,13.2,27,6.6,NA,NA,WSW,41,SW,WSW,9,15,91,88,1015.5,1013.5,NA,NA,18.8,20,Yes,No
2012-02-13,BadgerysCreek,16.4,26.2,0.2,NA,NA,SE,30,ESE,ESE,6,15,76,75,1018,1016.2,NA,NA,21.3,23.1,No,Yes
2012-02-14,BadgerysCreek,16.2,26.3,5.2,NA,NA,E,31,SSE,E,9,20,84,64,1021.3,1019.7,NA,NA,20.5,23.2,Yes,No
2012-02-15,BadgerysCreek,15,27.1,0.2,NA,NA,E,24,WSW,ESE,7,15,89,57,1022.1,1019.2,NA,NA,19.3,24,No,No
2012-02-16,BadgerysCreek,14.2,28.6,0,NA,NA,NE,28,NNE,NNE,4,11,83,45,1020,1017.2,NA,NA,19.6,27.7,No,No
2012-02-17,BadgerysCreek,14.8,29.4,0,NA,NA,WSW,39,ESE,SW,2,26,86,65,1017.5,1015.7,NA,NA,19.4,22.8,No,Yes
2012-02-18,BadgerysCreek,16.4,28.9,7.2,NA,NA,ESE,26,SSW,E,9,11,76,57,1017.3,1015.9,NA,NA,21.3,27.5,Yes,No
2012-02-19,BadgerysCreek,17.5,29.6,0,NA,NA,SSW,65,WNW,NNE,2,9,79,51,1017.8,1013.4,NA,NA,22.1,29.4,No,Yes
2012-02-20,BadgerysCreek,17.5,28.8,48.6,NA,NA,SE,31,S,ESE,13,11,92,59,1012.4,1010.2,NA,NA,20.8,27.6,Yes,Yes
2012-02-21,BadgerysCreek,17.5,26.6,14.6,NA,NA,S,39,WSW,SSW,11,19,86,55,1011,1010.4,NA,NA,19.9,26.2,Yes,No
2012-02-22,BadgerysCreek,14.7,26.6,0,NA,NA,SW,20,SW,S,9,6,79,50,1016.4,1015.2,NA,NA,18.8,25.5,No,No
2012-02-23,BadgerysCreek,14,30.1,0,NA,NA,N,20,NA,NNE,0,7,90,45,1019.9,1017.4,NA,NA,18.9,29,No,No
2012-02-24,BadgerysCreek,15.7,30.9,0,NA,NA,ENE,30,SSE,NE,2,4,86,40,1022.9,1021.5,NA,NA,21.8,30.7,No,No
2012-02-25,BadgerysCreek,14.4,29.2,0,NA,NA,E,30,NA,NE,0,9,100,49,1023.8,1020.6,NA,NA,19.5,28.3,No,No
2012-02-26,BadgerysCreek,19.2,26.7,0,NA,NA,N,17,N,N,2,6,85,74,1020.7,1018.2,NA,NA,21.8,25.5,No,No
2012-02-27,BadgerysCreek,20.4,32.1,0,NA,NA,NE,17,NA,SE,0,2,82,56,1017.3,1014.3,NA,NA,23.9,31.1,No,No
2012-02-28,BadgerysCreek,21.7,30.3,0,NA,NA,WSW,31,N,W,6,9,84,53,1013.4,1011.2,NA,NA,24,29.6,No,Yes
2012-02-29,BadgerysCreek,19.7,20.9,6.2,NA,NA,S,22,SW,SW,9,13,97,96,1014.3,1013,NA,NA,19.7,20.6,Yes,Yes
2012-03-01,BadgerysCreek,18.3,27.3,38.4,NA,NA,S,33,NNE,N,7,6,100,72,1007.5,1001.4,NA,NA,20,26.9,Yes,Yes
2012-03-02,BadgerysCreek,16.8,18.9,10,NA,NA,S,39,SW,S,11,9,95,96,1014,1015.9,NA,NA,17.3,17.9,Yes,Yes
2012-03-03,BadgerysCreek,15.8,20.4,18.2,NA,NA,ENE,28,WSW,ENE,6,17,96,91,1020.1,1018.2,NA,NA,16.9,18.8,Yes,Yes
2012-03-04,BadgerysCreek,16.8,28.2,1.8,NA,NA,NNE,24,NNE,ENE,13,6,86,63,1014.2,1009.6,NA,NA,20.2,27.8,Yes,Yes
2012-03-05,BadgerysCreek,17,27.1,7.8,NA,NA,SW,35,SW,ESE,13,13,67,55,1013.8,1013.5,NA,NA,21.5,25.4,Yes,No
2012-03-06,BadgerysCreek,16.9,24.3,0,NA,NA,SSE,31,SW,SE,11,13,78,67,1019.5,1017.7,NA,NA,19.1,21.5,No,No
2012-03-07,BadgerysCreek,13.7,21.4,0.2,NA,NA,SSW,37,SW,SW,13,15,69,82,1018.9,1016.2,NA,NA,17.2,17.6,No,Yes
2012-03-08,BadgerysCreek,14,21,67.8,NA,NA,WSW,52,WSW,WSW,24,20,89,89,1006.6,1006.4,NA,NA,15.9,17.2,Yes,Yes
2012-03-09,BadgerysCreek,11.7,27.2,5.4,NA,NA,SW,33,NW,WSW,6,24,88,50,1009,1008.3,NA,NA,17.1,26,Yes,No
2012-03-10,BadgerysCreek,12.9,27.1,0,NA,NA,ESE,35,NA,ESE,0,19,88,55,1013.8,1013.3,NA,NA,17,25.2,No,No
2012-03-11,BadgerysCreek,14.7,26.8,0,NA,NA,ENE,26,NA,NE,0,9,74,54,1019.1,1015.9,NA,NA,18.9,26.3,No,No
2012-03-12,BadgerysCreek,15.9,25.4,0,NA,NA,E,28,SE,ENE,4,19,88,67,1020.3,1019.5,NA,NA,20.2,25.3,No,No
2012-03-13,BadgerysCreek,13.9,27.5,0,NA,NA,ENE,26,SW,NNE,4,11,92,51,1022.5,1019.3,NA,NA,18.1,26.5,No,No
2012-03-14,BadgerysCreek,14.6,27.5,0,NA,NA,E,30,ESE,E,6,9,96,59,1020.8,1017.2,NA,NA,18.9,26.9,No,No
2012-03-15,BadgerysCreek,18.4,28.6,0,NA,NA,E,28,NA,NE,0,7,89,60,1017.4,1013.9,NA,NA,21,27.4,No,No
2012-03-16,BadgerysCreek,19.3,29.6,0,NA,NA,NW,78,NA,NNE,0,6,92,63,1013,1008.7,NA,NA,21.6,28.3,No,Yes
2012-03-17,BadgerysCreek,18.6,21,39.2,NA,NA,SW,28,SSW,SE,4,11,98,81,1014,1015.1,NA,NA,18.7,21,Yes,Yes
2012-03-18,BadgerysCreek,14.6,23.3,2,NA,NA,S,33,SW,S,17,15,70,62,1023,1022.3,NA,NA,18.1,22.3,Yes,No
2012-03-19,BadgerysCreek,14.9,23.4,0.4,NA,NA,E,41,S,SSE,9,17,82,69,1024.2,1022.8,NA,NA,19.1,21.8,No,Yes
2012-03-20,BadgerysCreek,15.6,24.9,1.8,NA,NA,ENE,22,SW,E,9,7,86,60,1020.8,1016.5,NA,NA,19.2,23.5,Yes,No
2012-03-21,BadgerysCreek,17.6,27,0,NA,NA,NNE,30,N,NNE,11,13,89,68,1010.6,1004.7,NA,NA,19.7,24.9,No,No
2012-03-22,BadgerysCreek,16.6,18.9,0,NA,NA,SSE,35,SSW,NA,9,0,82,78,1010,1008.1,NA,NA,16.7,18.5,No,Yes
2012-03-23,BadgerysCreek,14.2,24.6,3.6,NA,NA,WSW,41,NNE,SW,4,11,87,41,1003.7,1002.3,NA,NA,17.3,24.3,Yes,No
2012-03-24,BadgerysCreek,8.1,23.9,0,NA,NA,SW,37,W,W,13,17,57,38,1012.9,1011.7,NA,NA,15.3,23.4,No,No
2012-03-25,BadgerysCreek,10.5,22.2,0,NA,NA,ESE,24,SW,ESE,11,9,82,61,1022.3,1020.8,NA,NA,15.7,20.5,No,No
2012-03-26,BadgerysCreek,13.2,25,0,NA,NA,ENE,26,SW,ENE,6,15,89,59,1023.7,1020.4,NA,NA,16.5,24.1,No,No
2012-03-27,BadgerysCreek,15.2,26.9,0,NA,NA,E,24,E,ENE,4,11,92,50,1023.5,1021,NA,NA,17.9,25.8,No,No
2012-03-28,BadgerysCreek,16.9,23.7,0,NA,NA,ENE,20,WSW,NNE,4,7,98,66,1023.2,1020.2,NA,NA,18.3,22.6,No,Yes
2012-03-29,BadgerysCreek,13.8,27.4,1.2,NA,NA,SSE,39,SW,ENE,6,6,100,50,1019.4,1015.9,NA,NA,17.1,27,Yes,No
2012-03-30,BadgerysCreek,12.9,26.1,0.2,NA,NA,E,19,SW,NNE,9,7,100,53,1019.5,1016.5,NA,NA,16.5,24.7,No,No
2012-03-31,BadgerysCreek,11.9,27.8,0,NA,NA,NNE,19,SE,NE,6,4,100,45,1019.1,1016.5,NA,NA,16,26.9,No,No
2012-04-01,BadgerysCreek,11.7,28,0,NA,NA,WSW,39,N,E,2,11,73,54,1018,1014.3,NA,NA,19.9,25.8,No,Yes
2012-04-02,BadgerysCreek,14.4,26.6,6,NA,NA,ENE,22,SW,NE,7,6,80,51,1018.1,1014.1,NA,NA,20.2,26.2,Yes,No
2012-04-03,BadgerysCreek,12.5,28.7,0.2,NA,NA,NNE,17,NA,NE,0,6,100,39,1016.2,1013.2,NA,NA,17.1,28.3,No,No
2012-04-04,BadgerysCreek,14.6,27.7,0,NA,NA,ENE,28,NA,E,0,13,85,56,1017.8,1015.6,NA,NA,21,26,No,No
2012-04-05,BadgerysCreek,15.4,27.4,0,NA,NA,NNE,41,N,E,7,9,75,53,1021.3,1018.5,NA,NA,22.3,25.9,No,No
2012-04-06,BadgerysCreek,14.4,25.9,0,NA,NA,NNE,28,N,NE,7,13,75,49,1021.5,1016.5,NA,NA,21.7,25.4,No,No
2012-04-07,BadgerysCreek,13.4,28.5,0,NA,NA,SE,33,SW,SE,4,22,84,62,1015.6,1016.5,NA,NA,20.4,22.8,No,No
2012-04-08,BadgerysCreek,16.8,23.4,0,NA,NA,WSW,35,N,NNE,4,11,74,68,1019.5,1013.3,NA,NA,19.4,23.2,No,No
2012-04-09,BadgerysCreek,8.4,23.7,0,NA,NA,SW,41,SW,WSW,15,20,49,35,1016.7,1014,NA,NA,17.8,23.1,No,No
2012-04-10,BadgerysCreek,7.4,18.5,0.6,NA,NA,SW,43,SW,S,24,19,52,40,1025.2,1026.1,NA,NA,13.3,17.5,No,No
2012-04-11,BadgerysCreek,8.2,20.7,0.2,NA,NA,S,41,SW,S,22,17,57,51,1031.2,1030.1,NA,NA,14.9,18.6,No,No
2012-04-12,BadgerysCreek,11.6,22.8,0,NA,NA,SSW,22,SW,ESE,15,4,68,54,1033.2,1030.6,NA,NA,17.8,20.7,No,No
2012-04-13,BadgerysCreek,7.2,25.3,0.2,NA,NA,NNE,15,WSW,NE,4,6,84,47,1032,1027.6,NA,NA,15.1,25,No,No
2012-04-14,BadgerysCreek,10,25.8,0,NA,NA,ENE,17,NA,NA,0,0,76,53,1028.2,1023.7,NA,NA,18.3,24.2,No,No
2012-04-15,BadgerysCreek,12.6,26.3,0,NA,NA,SW,17,WSW,ESE,7,2,74,38,1025.4,1022,NA,NA,18.9,25,No,No
2012-04-16,BadgerysCreek,11.7,25,0,NA,NA,SE,26,SW,SSE,15,17,76,42,1023.8,1021.6,NA,NA,18.2,23.4,No,No
2012-04-17,BadgerysCreek,14.1,20.9,0,NA,NA,S,37,SW,S,11,19,81,69,1023.8,1021,NA,NA,17.8,20.2,No,Yes
2012-04-18,BadgerysCreek,16,19.4,31.8,NA,NA,E,33,NNW,SSE,2,2,99,100,1021.5,1018.6,NA,NA,17.3,18,Yes,Yes
2012-04-19,BadgerysCreek,16.9,25.2,82.4,NA,NA,E,24,NA,NE,0,4,93,58,1019.7,1015.8,NA,NA,18.9,24.8,Yes,No
2012-04-20,BadgerysCreek,14.1,26.6,0.6,NA,NA,ENE,13,NW,NNE,2,9,100,54,1016.5,1014,NA,NA,17.6,26.3,No,No
2012-04-21,BadgerysCreek,15.3,25.7,0,NA,NA,ENE,20,WSW,E,11,7,98,65,1015.7,1012.7,NA,NA,18.4,23.6,No,Yes
2012-04-22,BadgerysCreek,12.7,19.8,1.2,NA,NA,WSW,11,NE,WSW,6,6,100,92,1014.5,1011.2,NA,NA,15.6,19.3,Yes,Yes
2012-04-23,BadgerysCreek,14.9,18.3,1.6,NA,NA,NNE,19,NNE,N,11,11,99,100,1013.7,1010.6,NA,NA,17.3,18,Yes,Yes
2012-04-24,BadgerysCreek,13.1,23.1,4.2,NA,NA,WNW,50,SSW,W,2,20,100,57,1012.1,1009.9,NA,NA,16.1,17.8,Yes,No
2012-04-25,BadgerysCreek,5.8,19.3,0.4,NA,NA,WSW,61,W,WSW,15,26,60,44,1012,1008.7,NA,NA,13.6,18,No,No
2012-04-26,BadgerysCreek,10,21.1,0,NA,NA,SW,30,WSW,SSE,13,4,63,47,1018.8,1017,NA,NA,16.6,20.5,No,No
2012-04-27,BadgerysCreek,9.1,22.4,0,NA,NA,ESE,19,NNE,SE,6,6,83,53,1022,1020.2,NA,NA,15,21.3,No,No
2012-04-28,BadgerysCreek,10.4,22.9,0,NA,NA,NE,19,NE,NNE,7,11,97,59,1021.9,1017,NA,NA,15.1,22.5,No,No
2012-04-29,BadgerysCreek,9.3,18.3,0,NA,NA,S,37,SSW,SE,19,15,65,62,1021.6,1022.4,NA,NA,16.2,16.6,No,No
2012-04-30,BadgerysCreek,8.4,20.4,0,NA,NA,WSW,19,SW,E,11,9,82,63,1027.6,1025,NA,NA,13.3,17.9,No,No
2012-05-01,BadgerysCreek,7.6,22.2,0,NA,NA,NNE,28,NA,NNE,0,9,92,49,1027.2,1023.2,NA,NA,14.4,20.6,No,No
2012-05-02,BadgerysCreek,7.1,23.9,0,NA,NA,W,22,NA,W,0,9,93,62,1023.3,1018.4,NA,NA,14.3,21.2,No,No
2012-05-03,BadgerysCreek,10.1,22,1,NA,NA,SSW,17,SW,SSW,7,6,89,47,1019.8,1017.1,NA,NA,15.6,21.3,No,No
2012-05-04,BadgerysCreek,8.1,20.4,0,NA,NA,SW,26,SW,S,9,7,57,41,1020.8,1016.7,NA,NA,13.4,19.8,No,No
2012-05-05,BadgerysCreek,7.5,21.1,0,NA,NA,WSW,26,SW,SW,19,11,70,52,1017.4,1013.5,NA,NA,14.3,19.9,No,No
2012-05-06,BadgerysCreek,3.9,20.3,0,NA,NA,SW,24,W,ENE,2,6,80,36,1017.3,1014.4,NA,NA,11.8,19.5,No,No
2012-05-07,BadgerysCreek,5.7,18.6,0,NA,NA,S,17,SW,SSW,2,6,96,55,1018.6,1015.9,NA,NA,9.4,16.8,No,No
2012-05-08,BadgerysCreek,4.5,23.5,0,NA,NA,SW,13,ENE,S,4,2,87,41,1019.1,1016.1,NA,NA,12.1,22.4,No,No
2012-05-09,BadgerysCreek,4.8,25,0,NA,NA,N,17,NNW,NNE,4,6,81,38,1021.4,1019,NA,NA,14.4,24.8,No,No
2012-05-10,BadgerysCreek,7.3,27.1,0,NA,NA,E,20,ESE,NE,2,4,85,44,1022,1019,NA,NA,14.8,25.6,No,No
2012-05-11,BadgerysCreek,9.3,27,0,NA,NA,NW,35,NNW,N,2,9,99,38,1018.8,1013.5,NA,NA,13.2,26.3,No,No
2012-05-12,BadgerysCreek,8.5,19.6,0,NA,NA,SW,35,SW,WSW,13,15,71,37,1018,1014.2,NA,NA,12.9,17.9,No,No
2012-05-13,BadgerysCreek,8.1,17.4,0,NA,NA,WSW,59,W,W,26,31,51,47,1014.4,1012.4,NA,NA,13.5,15.7,No,No
2012-05-14,BadgerysCreek,2.8,17.3,0,NA,NA,SW,35,SW,SSW,9,11,67,47,1022.3,1021.8,NA,NA,10.7,15.3,No,No
2012-05-15,BadgerysCreek,4,19.1,0,NA,NA,SW,30,SW,WSW,6,11,69,46,1024.8,1022,NA,NA,11.9,18.5,No,No
2012-05-16,BadgerysCreek,5.9,20.1,0,NA,NA,SW,26,SW,E,13,4,80,42,1025.4,1022.6,NA,NA,12.3,19.4,No,No
2012-05-17,BadgerysCreek,4.1,19.9,0.2,NA,NA,NNE,13,WSW,NE,2,4,100,48,1025.3,1021.9,NA,NA,10.4,19.1,No,No
2012-05-18,BadgerysCreek,4.2,21.5,0,NA,NA,SW,11,NA,NNE,0,7,100,44,1025.3,1021.1,NA,NA,10.3,20.4,No,No
2012-05-19,BadgerysCreek,2.4,21.4,0.2,NA,NA,SSW,24,NA,SW,0,11,100,34,1023.3,1020.4,NA,NA,10.5,20.7,No,No
2012-05-20,BadgerysCreek,6,19.2,0,NA,NA,E,22,SW,ESE,11,13,78,68,1026.4,1023.8,NA,NA,13.6,16.7,No,No
2012-05-21,BadgerysCreek,6.1,19.9,0,NA,NA,N,19,NA,NNE,0,11,100,56,1025.8,1021.4,NA,NA,10.3,19.3,No,No
2012-05-22,BadgerysCreek,2.1,20.4,0.2,NA,NA,W,24,N,WSW,7,9,99,39,1024.1,1020.6,NA,NA,10.7,20.1,No,No
2012-05-23,BadgerysCreek,1,20.8,0,NA,NA,N,22,NA,NNE,0,11,100,39,1024.7,1019.9,NA,NA,7.7,20.5,No,No
2012-05-24,BadgerysCreek,1.5,12.6,0,NA,NA,N,15,WSW,NA,6,0,100,99,1021.1,1018.4,NA,NA,8.3,10,No,Yes
2012-05-25,BadgerysCreek,8.4,17.6,11.4,NA,NA,WNW,57,NNW,WNW,6,33,100,43,1012.4,1009.1,NA,NA,12.5,16.1,Yes,No
2012-05-26,BadgerysCreek,3.1,17,0,NA,NA,WSW,54,NW,WSW,15,9,50,50,1014.6,1013.1,NA,NA,12.3,14.9,No,No
2012-05-27,BadgerysCreek,3.7,18.1,0,NA,NA,SSW,30,SSW,SSW,4,4,82,47,1020.6,1019.6,NA,NA,12,17.2,No,No
2012-05-28,BadgerysCreek,6.1,18.4,0,NA,NA,S,22,WSW,SE,11,4,78,49,1027,1025.4,NA,NA,12.3,17.1,No,No
2012-05-29,BadgerysCreek,8.4,18.4,0,NA,NA,SSW,22,SW,ESE,13,7,79,66,1031.9,1030.7,NA,NA,13.4,17,No,No
2012-05-30,BadgerysCreek,6.6,19.3,0,NA,NA,SSW,20,SW,WSW,11,6,91,52,1035.6,1032.5,NA,NA,12.2,18.1,No,No
2012-05-31,BadgerysCreek,7.7,20.1,0,NA,NA,SW,19,W,NNE,4,4,73,51,1034,1030.5,NA,NA,13.1,19.7,No,No
2012-06-01,BadgerysCreek,9,18.3,0,NA,NA,NNE,13,WSW,NNE,4,6,100,70,1029.6,1025.8,NA,NA,11.8,17.1,No,No
2012-06-02,BadgerysCreek,11.7,16.8,0.6,NA,NA,ENE,13,WSW,ESE,7,6,100,97,1022.8,1018.9,NA,NA,13.5,14.3,No,Yes
2012-06-03,BadgerysCreek,12.7,15.3,16,NA,NA,WSW,15,SW,SE,6,2,100,91,1014.9,1010.7,NA,NA,13.4,15,Yes,No
2012-06-04,BadgerysCreek,9.3,19.5,0.2,NA,NA,WSW,30,WNW,W,6,13,100,56,1004.6,1000.8,NA,NA,13.9,17.2,No,No
2012-06-05,BadgerysCreek,5.6,14.2,0,NA,NA,SSW,52,SSW,WSW,2,17,82,94,1000.9,1001.7,NA,NA,10.1,9.4,No,Yes
2012-06-06,BadgerysCreek,9.3,13.7,13.2,NA,NA,SSW,39,SSW,SSW,19,15,80,73,1017.3,1018.6,NA,NA,11.9,13.2,Yes,No
2012-06-07,BadgerysCreek,6.1,16.9,0.2,NA,NA,SW,26,SW,S,13,7,72,45,1023.7,1021.2,NA,NA,11.2,16.1,No,No
2012-06-08,BadgerysCreek,1.3,16.9,0.2,NA,NA,SW,15,NW,WNW,2,2,91,45,1026.4,1023.9,NA,NA,7.6,15.7,No,No
2012-06-09,BadgerysCreek,1.8,17.2,0,NA,NA,WSW,17,N,E,4,6,93,48,1027,1024,NA,NA,7.3,15.9,No,No
2012-06-10,BadgerysCreek,4.8,15.8,0.2,NA,NA,WSW,20,SW,W,11,6,87,69,1026.3,1023.5,NA,NA,10.1,14.9,No,Yes
2012-06-11,BadgerysCreek,10,13.2,11.6,NA,NA,SSW,20,SW,SW,11,9,97,99,1023.2,1021.3,NA,NA,11.1,12.5,Yes,Yes
2012-06-12,BadgerysCreek,10.3,18.4,30.8,NA,NA,SE,35,S,SSE,7,9,91,83,1021.4,1019.2,NA,NA,13.2,15.5,Yes,Yes
2012-06-13,BadgerysCreek,9.3,17.3,4.6,NA,NA,SW,24,SW,ESE,13,15,85,79,1021.5,1019.6,NA,NA,13.2,14.5,Yes,No
2012-06-14,BadgerysCreek,8.5,18.2,0.8,NA,NA,NNE,20,NW,NE,4,11,100,65,1019.7,1015.9,NA,NA,11.7,17.6,No,No
2012-06-15,BadgerysCreek,6.7,20.4,0,NA,NA,NNE,15,WNW,NE,4,6,100,61,1016.9,1013.1,NA,NA,10,19.6,No,No
2012-06-16,BadgerysCreek,5.8,11.9,0.2,NA,NA,WNW,20,SE,S,4,7,99,99,1018,1014,NA,NA,9.1,11.6,No,Yes
2012-06-17,BadgerysCreek,4.9,17.2,6.8,NA,NA,W,52,N,W,9,35,79,49,1019,1017.2,NA,NA,11.1,16.5,Yes,No
2012-06-18,BadgerysCreek,2.8,17.8,0,NA,NA,WSW,24,NE,WSW,6,15,83,48,1022.4,1019.8,NA,NA,10.2,17.2,No,No
2012-06-19,BadgerysCreek,2.2,18.4,0,NA,NA,W,46,NNW,WSW,4,19,85,47,1020.2,1018.2,NA,NA,9,17.9,No,No
2012-06-20,BadgerysCreek,1.4,15.8,0,NA,NA,N,13,SW,NNE,4,7,99,52,1023,1017.7,NA,NA,6.5,15.1,No,No
2012-06-21,BadgerysCreek,0.3,17.4,0,NA,NA,NNE,26,NA,NNE,0,9,99,59,1016.5,1010,NA,NA,4.4,16.8,No,No
2012-06-22,BadgerysCreek,4.3,16.2,0,NA,NA,WNW,57,WNW,NW,19,19,50,59,1006.7,1008.1,NA,NA,15.9,14.2,No,No
2012-06-23,BadgerysCreek,2.2,16.1,0,NA,NA,WSW,30,NE,SW,2,11,80,37,1022.2,1021.4,NA,NA,9.2,15.5,No,No
2012-06-24,BadgerysCreek,0.4,17.4,0,NA,NA,W,28,N,SSW,4,17,84,44,1028.7,1026.7,NA,NA,6.2,16.3,No,No
2012-06-25,BadgerysCreek,-0.3,18.8,0,NA,NA,SW,31,N,WSW,2,11,92,44,1028,1024,NA,NA,7.2,18.5,No,No
2012-06-26,BadgerysCreek,4.4,13.3,0,NA,NA,SSW,20,SW,SSW,7,6,90,87,1031.2,1029.8,NA,NA,10.4,11.6,No,No
2012-06-27,BadgerysCreek,6.4,16.1,0.8,NA,NA,ESE,17,SW,ESE,9,11,89,69,1032.2,1028.7,NA,NA,11.2,14.4,No,No
2012-06-28,BadgerysCreek,5.6,17.4,0,NA,NA,S,15,WSW,NA,9,0,94,65,1026.4,1020.8,NA,NA,9.5,16,No,No
2012-06-29,BadgerysCreek,7.6,19.8,0,NA,NA,NE,13,NA,N,0,4,100,59,1016,1010.7,NA,NA,11,19.3,No,No
2012-06-30,BadgerysCreek,2.3,18.7,0,NA,NA,WSW,22,NA,WNW,0,9,100,47,1014,1011.4,NA,NA,8,17.2,No,No
2012-07-01,BadgerysCreek,2.8,15.6,0,NA,NA,W,41,NA,WSW,0,20,96,47,1016.3,1014,NA,NA,7.2,13.8,No,No
2012-07-02,BadgerysCreek,-0.2,15.3,0,NA,NA,WSW,43,N,WSW,7,26,85,45,1016.6,1016.1,NA,NA,7.1,14.2,No,No
2012-07-03,BadgerysCreek,1,15.5,0,NA,NA,SW,31,NA,WSW,0,17,78,42,1020.9,1018.1,NA,NA,8.2,15,No,No
2012-07-04,BadgerysCreek,4.6,15.8,0,NA,NA,SSW,39,SW,S,22,13,61,46,1025.1,1025.4,NA,NA,10.1,14.3,No,No
2012-07-05,BadgerysCreek,5.5,15.3,0,NA,NA,SSW,39,SW,SSW,20,15,63,57,1031.8,1030.7,NA,NA,11,14.8,No,Yes
2012-07-06,BadgerysCreek,8.1,16.1,1.2,NA,NA,SSW,30,SW,SSW,17,11,75,54,1033.8,1031.6,NA,NA,11,13.7,Yes,No
2012-07-07,BadgerysCreek,4.3,16.8,0,NA,NA,SSW,19,SW,ESE,11,2,75,58,1032.9,1030.5,NA,NA,10.6,15,No,No
2012-07-08,BadgerysCreek,5.9,18.2,0,NA,NA,NE,19,SW,N,4,7,97,55,1031.5,1028,NA,NA,9.4,17.2,No,No
2012-07-09,BadgerysCreek,2.1,17.7,0,NA,NA,N,20,NA,NNE,0,13,100,59,1030.6,1026.2,NA,NA,8.3,17.2,No,No
2012-07-10,BadgerysCreek,3.3,13.8,0,NA,NA,NE,9,N,NA,4,0,100,83,1026.9,1021.5,NA,NA,6.8,13.4,No,Yes
2012-07-11,BadgerysCreek,6.7,19.6,8,NA,NA,WNW,31,NNE,NW,9,15,83,45,1019.8,1017.4,NA,NA,13.5,19.3,Yes,No
2012-07-12,BadgerysCreek,6.3,13.6,0.2,NA,NA,N,20,NA,NNE,0,4,95,97,1018.2,1012.9,NA,NA,9.8,13.4,No,Yes
2012-07-13,BadgerysCreek,7.3,21.9,2,NA,NA,NNE,28,NNW,NNE,6,19,100,71,1011.8,1007.3,NA,NA,11.3,20.7,Yes,No
2012-07-14,BadgerysCreek,4.5,18.9,0,NA,NA,WNW,41,NW,WNW,4,20,87,41,1013.3,1009.8,NA,NA,11.1,18,No,No
2012-07-15,BadgerysCreek,2.4,17.3,0,NA,NA,WSW,41,NA,WSW,0,24,70,45,1017.2,1017.4,NA,NA,10,16.1,No,No
2012-07-16,BadgerysCreek,2.8,20,0,NA,NA,W,20,N,SE,7,6,78,45,1027.8,1025.2,NA,NA,8.6,18.8,No,No
2012-07-17,BadgerysCreek,1.4,19.9,0,NA,NA,W,22,NA,ENE,0,2,100,45,1026.5,1021.4,NA,NA,8.2,19.5,No,No
2012-07-18,BadgerysCreek,2,18.5,0,NA,NA,WSW,22,SW,SW,4,9,100,44,1019.9,1015.6,NA,NA,6.5,18.4,No,No
2012-07-19,BadgerysCreek,3.8,15.7,0,NA,NA,SSE,37,SW,SSE,17,9,70,51,1020.9,1020.4,NA,NA,10.5,14.9,No,No
2012-07-20,BadgerysCreek,1.9,16.8,0,NA,NA,SW,26,SSW,SSW,11,11,75,38,1026.2,1024.7,NA,NA,8.1,16.4,No,No
2012-07-21,BadgerysCreek,5.7,16.5,0,NA,NA,SW,30,SSW,SSW,17,15,72,48,1030.2,1028.6,NA,NA,12.6,16.1,No,No
2012-07-22,BadgerysCreek,6.4,17.6,0,NA,NA,SSE,37,SW,SSW,19,13,76,91,1030.3,1028.3,NA,NA,11.9,12.5,No,Yes
2012-07-23,BadgerysCreek,8.5,15.6,3.6,NA,NA,S,31,SW,SSE,13,9,90,69,1030,1027.2,NA,NA,11.8,14.7,Yes,Yes
2012-07-24,BadgerysCreek,8.9,15.3,2,NA,NA,WSW,17,SW,E,7,7,88,71,1028.3,1025.8,NA,NA,11.6,14.6,Yes,No
2012-07-25,BadgerysCreek,4.5,17.8,0.2,NA,NA,NNE,22,NNE,N,4,9,100,57,1024,1019.2,NA,NA,7.1,17.5,No,No
2012-07-26,BadgerysCreek,5.3,18.4,0,NA,NA,NW,41,NW,NNE,4,15,100,57,1015.5,1010.7,NA,NA,9.1,18.1,No,No
2012-07-27,BadgerysCreek,2.3,17.1,0.6,NA,NA,WSW,35,NA,W,0,24,100,45,1013.1,1010.4,NA,NA,8.3,15.6,No,No
2012-07-28,BadgerysCreek,2.6,16.8,0,NA,NA,WSW,37,ENE,WSW,2,17,73,46,1016.7,1016.3,NA,NA,10.7,16.4,No,No
2012-07-29,BadgerysCreek,2.6,16.8,0,NA,NA,WSW,28,S,SSW,7,15,74,42,1022.8,1021.4,NA,NA,11.1,15.9,No,No
2012-07-30,BadgerysCreek,4.4,15.7,0,NA,NA,SW,37,SW,SW,17,17,61,37,1025,1022.3,NA,NA,10,15.2,No,No
2012-07-31,BadgerysCreek,2.4,15.2,0,NA,NA,SW,37,SW,S,22,11,65,46,1026.5,1023.2,NA,NA,10.3,13.4,No,No
2012-08-01,BadgerysCreek,3.2,15.8,0,NA,NA,S,37,WSW,SSW,9,13,72,40,1022.9,1019.5,NA,NA,9.4,15.2,No,No
2012-08-02,BadgerysCreek,2.9,16.9,0,NA,NA,WSW,31,SW,S,15,13,67,37,1022.4,1018,NA,NA,9.6,16.5,No,No
2012-08-03,BadgerysCreek,1.8,18,0,NA,NA,WSW,26,NW,NW,4,11,87,36,1017.8,1014.4,NA,NA,6.6,17.7,No,No
2012-08-04,BadgerysCreek,-0.9,19.9,0,NA,NA,WSW,31,NA,WSW,0,20,89,32,1017.9,1014.5,NA,NA,7.6,19.4,No,No
2012-08-05,BadgerysCreek,-0.6,21.9,0,NA,NA,NW,43,S,WNW,2,30,92,31,1016.5,1011.6,NA,NA,7.1,19.6,No,No
2012-08-06,BadgerysCreek,6.3,17.9,0,NA,NA,WSW,50,WSW,WSW,13,24,42,31,1014.6,1015.7,NA,NA,14.7,16.6,No,No
2012-08-07,BadgerysCreek,-0.7,18,0,NA,NA,NNE,15,NNE,N,11,7,75,33,1024.8,1020.9,NA,NA,6.6,17.3,No,No
2012-08-08,BadgerysCreek,-1.1,21,0,NA,NA,N,20,NNE,W,11,4,74,31,1021.6,1015.3,NA,NA,7.9,20.9,No,No
2012-08-09,BadgerysCreek,4.7,18.9,0,NA,NA,WSW,57,N,WSW,4,30,76,28,1014.8,1010.8,NA,NA,11.1,17.5,No,No
2012-08-10,BadgerysCreek,5.4,17.7,0,NA,NA,SSW,72,SW,S,28,31,46,34,1016,1016.6,NA,NA,11.6,16.3,No,No
2012-08-11,BadgerysCreek,7.2,17.6,0,NA,NA,SSW,52,SW,S,22,20,51,47,1021.4,1020.7,NA,NA,13.5,16,No,No
2012-08-12,BadgerysCreek,9.5,16,0,NA,NA,SW,37,SSW,S,19,17,55,50,1026.2,1024.9,NA,NA,12.7,14,No,No
2012-08-13,BadgerysCreek,5.7,18.5,0,NA,NA,SW,26,WSW,E,9,4,64,42,1027.3,1022.3,NA,NA,12.2,18.1,No,No
2012-08-14,BadgerysCreek,0.5,19.5,0,NA,NA,W,19,SW,N,4,11,84,43,1021.7,1017.6,NA,NA,9,17.6,No,No
2012-08-15,BadgerysCreek,0.9,23.8,0,NA,NA,W,31,NA,W,0,20,83,24,1016.8,1010.9,NA,NA,8.8,23.2,No,No
2012-08-16,BadgerysCreek,4.9,19.7,0,NA,NA,SW,28,W,N,7,11,56,38,1015.2,1010.3,NA,NA,13.1,19.1,No,No
2012-08-17,BadgerysCreek,1.1,21,0,NA,NA,W,70,N,WNW,17,31,62,44,1007,1004.5,NA,NA,12.3,13.7,No,No
2012-08-18,BadgerysCreek,6.2,17.8,0,NA,NA,W,50,SW,WSW,6,26,48,42,1007.5,1008.4,NA,NA,13,17.3,No,No
2012-08-19,BadgerysCreek,5.7,19.9,0,NA,NA,SW,30,WSW,NW,11,6,57,36,1020.6,1018.5,NA,NA,13.4,19.3,No,No
2012-08-20,BadgerysCreek,0.8,18.6,0,NA,NA,NNW,17,N,SSW,6,2,67,37,1024.5,1018.8,NA,NA,9.2,17.9,No,No
2012-08-21,BadgerysCreek,4.1,21.1,0,NA,NA,WNW,30,N,NE,4,9,72,29,1020.7,1015.4,NA,NA,10.9,20.6,No,No
2012-08-22,BadgerysCreek,4,24.9,0,NA,NA,NNE,37,NA,NNE,0,19,75,33,1015.6,1009.3,NA,NA,12.2,24.3,No,No
2012-08-23,BadgerysCreek,7.8,28.8,0,NA,NA,NNW,76,WNW,NW,17,31,51,34,1009.8,1005.7,NA,NA,21,25.4,No,Yes
2012-08-24,BadgerysCreek,9.6,18.9,3,NA,NA,NW,56,NW,WNW,24,24,50,31,1014.9,1012,NA,NA,12.7,18.4,Yes,No
2012-08-25,BadgerysCreek,4.1,19.7,0,NA,NA,WSW,30,SW,S,6,7,50,35,1018.3,1015.3,NA,NA,13.5,18.6,No,No
2012-08-26,BadgerysCreek,2.8,19.6,0.2,NA,NA,SW,37,SW,SSW,19,13,52,36,1018.5,1016.8,NA,NA,13.3,17.7,No,No
2012-08-27,BadgerysCreek,0.6,19.1,0,NA,NA,NA,NA,W,NE,2,15,64,36,1025.3,1021.7,NA,NA,11.2,18.6,No,NA
2012-08-28,BadgerysCreek,1,20,NA,NA,NA,NA,NA,WNW,N,2,9,81,33,1024.4,1019.5,NA,NA,10.6,20,NA,NA
2012-08-29,BadgerysCreek,2,21.5,NA,NA,NA,N,33,NA,NNE,0,17,88,41,1017.7,1009.9,NA,NA,10,21.1,NA,No
2012-08-30,BadgerysCreek,5.2,21.4,0,NA,NA,WSW,50,NNW,WSW,7,33,60,27,1010.6,1009.5,NA,NA,14.6,19.1,No,No
2012-08-31,BadgerysCreek,6.5,18.5,0,NA,NA,W,46,SW,W,22,20,45,33,1017.1,1014.4,NA,NA,12.8,15.2,No,No
2012-09-01,BadgerysCreek,-0.2,17.6,0,NA,NA,WSW,33,SW,S,17,15,49,36,1022.5,1020.1,NA,NA,10.9,17.2,No,No
2012-09-02,BadgerysCreek,4.1,21,0,NA,NA,WSW,26,WSW,SSW,9,9,62,33,1024.4,1019.3,NA,NA,12.4,20.1,No,No
2012-09-03,BadgerysCreek,0.9,23.7,0,NA,NA,E,28,N,SE,4,9,56,24,1022.2,1019.1,NA,NA,13.1,22.4,No,No
2012-09-04,BadgerysCreek,2.2,25.3,0,NA,NA,E,24,NE,NNE,2,4,61,21,1023,1018.9,NA,NA,13.5,25,No,No
2012-09-05,BadgerysCreek,1.8,28.3,0,NA,NA,NNW,63,N,N,6,33,58,14,1016,1006.5,NA,NA,13.1,27,No,No
2012-09-06,BadgerysCreek,13.1,26.4,0,NA,NA,WNW,59,WNW,NW,17,33,25,15,1007.7,1005.6,NA,NA,21.4,25.7,No,No
2012-09-07,BadgerysCreek,7.6,21.3,0,NA,NA,WNW,74,W,WNW,26,31,28,31,1006.1,1006.9,NA,NA,19.4,17.3,No,No
2012-09-08,BadgerysCreek,5.7,20.3,0,NA,NA,W,54,WSW,WSW,22,33,45,35,1014.9,1014,NA,NA,15.1,19.1,No,No
2012-09-09,BadgerysCreek,6.5,22.4,0,NA,NA,WSW,43,SW,ENE,9,4,45,29,1021.6,1020.6,NA,NA,15.8,21.6,No,No
2012-09-10,BadgerysCreek,2.3,25.9,0,NA,NA,NNE,26,NNE,NE,6,11,65,25,1025.4,1019.1,NA,NA,13.8,25.1,No,No
2012-09-11,BadgerysCreek,6.1,22.2,0,NA,NA,SE,28,SSW,ESE,13,15,68,51,1025.3,1021.8,NA,NA,16.8,20.5,No,No
2012-09-12,BadgerysCreek,5.8,24.9,0,NA,NA,NNE,28,N,NNE,9,13,76,41,1023.3,1014.9,NA,NA,14.6,24.2,No,No
2012-09-13,BadgerysCreek,5,22.7,0,NA,NA,SSW,43,SW,S,6,22,86,78,1006.7,1007.6,NA,NA,13.8,14.6,No,Yes
2012-09-14,BadgerysCreek,2.2,19.9,2.6,NA,NA,SSW,31,SW,SSW,11,15,59,29,1019.7,1016.4,NA,NA,12.6,19.2,Yes,No
2012-09-15,BadgerysCreek,3.4,20.3,0,NA,NA,ESE,22,WSW,E,11,13,58,43,1025.1,1022.9,NA,NA,15.9,18.5,No,No
2012-09-16,BadgerysCreek,4.5,22.6,0,NA,NA,NNE,24,N,NE,9,13,61,39,1021.8,1015.4,NA,NA,15,22.1,No,No
2012-09-17,BadgerysCreek,8.3,22.1,0,NA,NA,S,31,SSW,ESE,11,17,68,60,1019.5,1016.2,NA,NA,16,19,No,No
2012-09-18,BadgerysCreek,7,22.3,0.6,NA,NA,N,33,SSW,ENE,4,19,100,50,1018.7,1012.4,NA,NA,11.8,20.1,No,Yes
2012-09-19,BadgerysCreek,5.5,22.9,2,NA,NA,WSW,31,NNW,S,2,13,75,38,1016.1,1013.8,NA,NA,14.3,21.5,Yes,No
2012-09-20,BadgerysCreek,7.3,24.6,0,NA,NA,E,26,NNE,ENE,4,9,68,37,1019.2,1013.8,NA,NA,16.4,23.6,No,No
2012-09-21,BadgerysCreek,8.5,26.1,0,NA,NA,SW,44,NNE,SSE,6,4,97,33,1012.5,1009.4,NA,NA,14.1,25.5,No,No
2012-09-22,BadgerysCreek,6,24.2,0,NA,NA,ESE,35,WNW,E,4,20,53,50,1016.3,1012.3,NA,NA,17.4,21.2,No,No
2012-09-23,BadgerysCreek,4.9,29.2,0,NA,NA,SW,41,NNE,NE,7,11,76,26,1011.4,1004.8,NA,NA,14.8,27.6,No,No
2012-09-24,BadgerysCreek,7.3,23.3,0,NA,NA,WSW,54,WSW,WSW,22,22,35,23,1013.4,1010.7,NA,NA,17.6,22.4,No,No
2012-09-25,BadgerysCreek,4.8,21.5,0,NA,NA,E,35,SW,ESE,6,20,50,58,1022,1019.5,NA,NA,15.8,18.7,No,No
2012-09-26,BadgerysCreek,10.4,24.1,0.2,NA,NA,ESE,35,NNE,E,13,13,67,45,1022.5,1017.6,NA,NA,17.3,23.2,No,No
2012-09-27,BadgerysCreek,7.9,28,0,NA,NA,NNE,24,N,NNE,4,11,82,37,1018.9,1012.4,NA,NA,14.9,27.3,No,No
2012-09-28,BadgerysCreek,12.2,33.4,0,NA,NA,NW,59,NNW,NW,6,35,52,26,1009,1003.7,NA,NA,23.5,31.9,No,Yes
2012-09-29,BadgerysCreek,15.8,22.3,9.4,NA,NA,W,59,WNW,W,19,28,55,35,1006.2,1007.9,NA,NA,19.5,19.1,Yes,No
2012-09-30,BadgerysCreek,6.5,20.9,0,NA,NA,WSW,44,W,SW,26,15,35,28,1019.3,1017.8,NA,NA,15.2,20.2,No,No
2012-10-01,BadgerysCreek,4.5,21.9,0,NA,NA,ESE,41,SSW,SSE,6,4,57,32,1028,1024.5,NA,NA,15.4,21.2,No,No
2012-10-02,BadgerysCreek,8,22.8,0,NA,NA,E,24,W,E,7,7,56,32,1032.9,1028.2,NA,NA,17.3,22.4,No,No
2012-10-03,BadgerysCreek,5,30.6,0,NA,NA,NNE,24,N,ENE,4,7,61,22,1026.2,1019.8,NA,NA,17.7,28.7,No,No
2012-10-04,BadgerysCreek,7.8,32.1,0,NA,NA,WNW,43,N,WNW,6,26,48,17,1019,1013.6,NA,NA,20.6,31.1,No,No
2012-10-05,BadgerysCreek,10.6,35,0,NA,NA,W,57,NNW,E,6,20,35,37,1014.7,1011.6,NA,NA,26.6,29,No,No
2012-10-06,BadgerysCreek,14.7,17.4,0,NA,NA,NNE,28,E,E,6,13,94,86,1019.3,1013.7,NA,NA,15.7,16.4,No,Yes
2012-10-07,BadgerysCreek,10.1,22.4,5.6,NA,NA,SW,41,SW,SSE,7,7,57,27,1014.2,1012.7,NA,NA,14.7,21.5,Yes,No
2012-10-08,BadgerysCreek,11.1,19.4,0,NA,NA,E,33,SSE,ESE,9,22,57,52,1017.3,1012.6,NA,NA,15.3,18,No,Yes
2012-10-09,BadgerysCreek,10.3,21.3,2.4,NA,NA,ESE,33,WSW,ESE,4,24,78,48,1013.3,1010,NA,NA,12.7,18.8,Yes,No
2012-10-10,BadgerysCreek,4.9,26.7,0,NA,NA,WSW,35,SW,SSW,6,13,79,27,1011.9,1006.6,NA,NA,12.8,23.7,No,Yes
2012-10-11,BadgerysCreek,11.7,20,6.2,NA,NA,W,37,NA,NNE,0,13,97,56,1005.8,1003.3,NA,NA,12.8,18.8,Yes,Yes
2012-10-12,BadgerysCreek,6.1,16.9,9.8,NA,NA,SW,59,WNW,SW,35,28,92,72,1006,1011.4,NA,NA,6.2,15.4,Yes,Yes
2012-10-13,BadgerysCreek,4.2,21.6,18.4,NA,NA,ESE,28,SW,ESE,7,19,73,42,1019.9,1018.4,NA,NA,12.9,19.4,Yes,No
2012-10-14,BadgerysCreek,8,21.9,0.2,NA,NA,ENE,30,WSW,SE,7,7,75,40,1025.8,1023,NA,NA,14.7,20.4,No,No
2012-10-15,BadgerysCreek,6.2,29.1,0,NA,NA,SW,31,NW,NE,4,7,78,27,1024.9,1019.8,NA,NA,14.1,27.5,No,No
2012-10-16,BadgerysCreek,9.3,32.6,0,NA,NA,NW,43,NA,WNW,0,26,74,14,1018.8,1014.1,NA,NA,16.9,31.7,No,No
2012-10-17,BadgerysCreek,12.4,24.6,0,NA,NA,E,35,SSW,ESE,19,17,34,48,1015.8,1015.5,NA,NA,22.1,22.4,No,No
2012-10-18,BadgerysCreek,14.3,24.1,0,NA,NA,NNE,28,NNE,NE,7,13,65,48,1022.6,1018.4,NA,NA,17.6,23.4,No,No
2012-10-19,BadgerysCreek,12,30.4,0,NA,NA,ENE,24,NA,E,0,6,95,32,1016.5,1010.7,NA,NA,15.1,30,No,No
2012-10-20,BadgerysCreek,10.1,34.5,0,NA,NA,WSW,44,NA,WSW,0,26,49,12,1008.2,1007.1,NA,NA,22.3,33.4,No,No
2012-10-21,BadgerysCreek,9.5,29.6,0,NA,NA,W,44,N,W,2,15,81,27,1014.1,1010,NA,NA,16.7,26.6,No,No
2012-10-22,BadgerysCreek,8.7,20.2,0,NA,NA,S,59,SW,S,7,35,74,34,1016,1019.1,NA,NA,16.5,17.8,No,No
2012-10-23,BadgerysCreek,8.8,20.7,0.2,NA,NA,ENE,31,SSW,ESE,11,11,57,36,1027.6,1025.9,NA,NA,15.6,19.6,No,No
2012-10-24,BadgerysCreek,5.2,27.4,0,NA,NA,NNE,33,NNE,N,9,15,67,29,1024,1016.6,NA,NA,15.1,25.5,No,No
2012-10-25,BadgerysCreek,7.9,34.2,0,NA,NA,SW,52,WSW,NNW,2,19,77,18,1013.1,1005.7,NA,NA,16.4,33,No,No
2012-10-26,BadgerysCreek,13.5,24.4,0,NA,NA,SW,35,NA,NNE,0,7,78,59,1010.7,1006.7,NA,NA,16.1,21.7,No,No
2012-10-27,BadgerysCreek,8.5,22.7,0,NA,NA,ENE,48,SW,ESE,13,19,41,39,1015.7,1015.3,NA,NA,17.7,20.4,No,No
2012-10-28,BadgerysCreek,10.9,21.1,0,NA,NA,E,28,SSE,ENE,7,11,62,44,1025.7,1023.6,NA,NA,15.5,20,No,No
2012-10-29,BadgerysCreek,8,24.7,0,NA,NA,E,33,SW,NNW,4,7,64,35,1025.1,1019.9,NA,NA,15.9,24.2,No,No
2012-10-30,BadgerysCreek,9.4,27.4,0,NA,NA,E,31,NNW,NE,4,19,61,37,1019.6,1014.4,NA,NA,18.9,26.4,No,No
2012-10-31,BadgerysCreek,11.3,33.1,0,NA,NA,ESE,39,NW,ESE,4,19,64,31,1016.1,1011.6,NA,NA,20.7,30.6,No,No
2012-11-01,BadgerysCreek,12.4,34.4,0,NA,NA,WSW,61,NNE,NW,4,26,61,19,1008.3,1001.2,NA,NA,21.2,32.8,No,No
2012-11-02,BadgerysCreek,11.7,22.4,0,NA,NA,ESE,33,S,ESE,11,19,46,36,1015.4,1014.1,NA,NA,16.9,21.1,No,No
2012-11-03,BadgerysCreek,11.6,18.8,0,NA,NA,SE,22,S,E,7,11,83,77,1021.1,1020.2,NA,NA,14.1,15.8,No,No
2012-11-04,BadgerysCreek,11.4,26.5,0,NA,NA,NNW,33,WSW,E,4,15,67,48,1020.3,1016.1,NA,NA,18.8,26,No,No
2012-11-05,BadgerysCreek,11.4,33.5,0.2,NA,NA,WSW,33,E,ENE,4,19,76,35,1018.2,1013.3,NA,NA,20.8,31.7,No,No
2012-11-06,BadgerysCreek,17.3,34,0.6,NA,NA,E,31,WSW,ESE,4,22,74,38,1015.6,1011.2,NA,NA,22.5,31.9,No,No
2012-11-07,BadgerysCreek,18.5,26.5,0.2,NA,NA,NE,22,E,NE,4,4,80,56,1013.8,1009.6,NA,NA,21.1,25.7,No,Yes
2012-11-08,BadgerysCreek,16.7,30.3,1.4,NA,NA,SE,37,ESE,ESE,4,22,76,53,1012,1010.3,NA,NA,22.9,25.7,Yes,Yes
2012-11-09,BadgerysCreek,15.6,30.3,12.4,NA,NA,WSW,35,N,WSW,6,15,91,32,1014.4,1011.5,NA,NA,19.3,29,Yes,No
2012-11-10,BadgerysCreek,13.5,20.8,0,NA,NA,ESE,39,SSE,SE,9,19,69,57,1022.9,1022.8,NA,NA,16.9,17.5,No,No
2012-11-11,BadgerysCreek,8.4,22.9,0,NA,NA,ESE,31,SE,ESE,9,17,55,39,1028.6,1025.5,NA,NA,18.6,22.1,No,No
2012-11-12,BadgerysCreek,7.3,28.6,0,NA,NA,NNE,35,NNE,NE,7,9,66,30,1025,1018.2,NA,NA,16.9,27.8,No,No
2012-11-13,BadgerysCreek,11.7,24.6,0,NA,NA,SE,33,S,ESE,7,19,50,53,1020.1,1018.2,NA,NA,19.3,20.9,No,Yes
2012-11-14,BadgerysCreek,13.7,19.6,2.6,NA,NA,E,28,SSW,E,6,11,95,72,1019.6,1016.6,NA,NA,14.9,18.5,Yes,No
2012-11-15,BadgerysCreek,13.8,28.3,0.4,NA,NA,ENE,19,NNW,E,2,7,84,46,1015.2,1010.3,NA,NA,17.9,26.8,No,No
2012-11-16,BadgerysCreek,16.3,17.5,1,NA,NA,SSE,20,S,ESE,2,4,88,81,1012.6,1011,NA,NA,16.4,17.3,No,Yes
2012-11-17,BadgerysCreek,13.6,22.5,13,NA,NA,ESE,30,SW,E,2,17,75,51,1016.7,1014,NA,NA,16.3,21.8,Yes,No
2012-11-18,BadgerysCreek,13.3,27.5,0,NA,NA,S,46,N,NNE,11,19,64,42,1012.8,1006,NA,NA,19.4,26.6,No,No
2012-11-19,BadgerysCreek,8.6,22,0,NA,NA,S,50,W,S,7,22,45,46,1014.1,1015.1,NA,NA,17.6,20.4,No,Yes
2012-11-20,BadgerysCreek,13.4,24,1.4,NA,NA,ENE,33,SSE,ESE,13,17,58,48,1022.4,1021.4,NA,NA,18.9,21.4,Yes,No
2012-11-21,BadgerysCreek,8.4,28.9,0,NA,NA,NNE,31,NNE,NNE,13,13,64,34,1018,1011.3,NA,NA,18.3,26.8,No,No
2012-11-22,BadgerysCreek,16,19.2,0,NA,NA,SSE,43,S,SE,13,11,63,64,1017.2,1017,NA,NA,18.8,18.3,No,No
2012-11-23,BadgerysCreek,13.4,24.2,0,NA,NA,ESE,35,SSW,ENE,6,13,66,50,1020.1,1017.6,NA,NA,17.8,22.3,No,No
2012-11-24,BadgerysCreek,14.9,29,0,NA,NA,NE,31,NNE,NNE,7,11,69,47,1018.7,1013.5,NA,NA,19.7,27.9,No,No
2012-11-25,BadgerysCreek,15.8,37.2,0,NA,NA,ENE,35,SW,E,4,20,65,31,1014.1,1011.6,NA,NA,25,34.3,No,No
2012-11-26,BadgerysCreek,17,31.6,0,NA,NA,ENE,44,SSE,ESE,4,15,78,60,1016,1012.1,NA,NA,21.1,26.6,No,Yes
2012-11-27,BadgerysCreek,19.2,25.2,2.4,NA,NA,SSW,26,S,ENE,6,11,82,71,1014.2,1014.3,NA,NA,21.7,24,Yes,Yes
2012-11-28,BadgerysCreek,16.9,22.3,10,NA,NA,ENE,22,S,ENE,4,9,91,83,1018.3,1016,NA,NA,19.9,21.6,Yes,Yes
2012-11-29,BadgerysCreek,18.2,30.5,2.8,NA,NA,E,26,NNW,N,6,11,88,58,1016.9,1012.9,NA,NA,20.6,28.8,Yes,No
2012-11-30,BadgerysCreek,18.1,38.4,0.2,NA,NA,WSW,28,NE,NNE,2,15,73,36,1013.2,1009.4,NA,NA,25.1,35.9,No,No
2013-01-01,BadgerysCreek,17.6,37.4,0,NA,NA,E,35,ENE,E,7,15,73,36,1011.8,1006.9,NA,NA,24,35,No,No
2013-01-02,BadgerysCreek,16.6,27.5,0,NA,NA,SE,33,NE,ESE,4,22,71,66,1013.7,1014.6,NA,NA,21.8,21.2,No,No
2013-01-03,BadgerysCreek,15.9,28.9,0,NA,NA,ENE,28,SW,NNE,2,13,64,44,1018.8,1015.4,NA,NA,20,27.1,No,No
2013-01-04,BadgerysCreek,14,34.3,0,NA,NA,E,31,NE,E,6,22,70,37,1016.7,1012.3,NA,NA,22.3,33.1,No,No
2013-01-05,BadgerysCreek,14.7,38,0,NA,NA,E,30,SE,NNE,2,13,69,23,1016.2,1012.8,NA,NA,24,36.6,No,No
2013-01-06,BadgerysCreek,17.7,33.8,0,NA,NA,E,35,WSW,SE,6,19,75,39,1021.1,1018.1,NA,NA,23.3,32.6,No,No
2013-01-07,BadgerysCreek,20.5,32.7,0,NA,NA,ENE,31,SE,ENE,6,19,68,42,1022.3,1016.8,NA,NA,23.1,31.1,No,No
2013-01-08,BadgerysCreek,16.3,41.5,0,NA,NA,WNW,52,NNE,NNW,6,30,58,17,1006,998.9,NA,NA,26.8,39.5,No,No
2013-01-09,BadgerysCreek,20.1,25.7,0,NA,NA,E,37,ESE,E,11,19,62,50,998.9,1000.9,NA,NA,22.7,23.1,No,No
2013-01-10,BadgerysCreek,18.4,26.7,0,NA,NA,ENE,35,S,ENE,7,15,64,52,1009.8,1008.8,NA,NA,20.9,25.9,No,No
2013-01-11,BadgerysCreek,17.9,37.5,0,NA,NA,ESE,30,N,ENE,11,7,62,31,1009.7,1004.3,NA,NA,23.4,35.9,No,No
2013-01-12,BadgerysCreek,18.8,38.1,0,NA,NA,NNE,33,W,ESE,2,9,58,34,1006.1,1005.2,NA,NA,27.6,36.4,No,No
2013-01-13,BadgerysCreek,20.2,24.2,0,NA,NA,SE,26,NE,ESE,9,13,75,79,1011.2,1008.9,NA,NA,21.4,21.6,No,Yes
2013-01-14,BadgerysCreek,15.7,25,5.2,NA,NA,SSE,46,S,SE,15,26,66,40,1015.6,1016.5,NA,NA,18.6,23.9,Yes,No
2013-01-15,BadgerysCreek,12.9,27.8,0,NA,NA,ENE,37,S,ENE,4,7,59,38,1019.5,1015.7,NA,NA,19.8,25.8,No,No
2013-01-16,BadgerysCreek,14.2,35.1,0,NA,NA,ESE,39,SW,E,2,22,69,33,1014.5,1010,NA,NA,22.2,33.5,No,No
2013-01-17,BadgerysCreek,17,34.6,0,NA,NA,E,31,SSW,E,2,20,71,40,1012.5,1006.3,NA,NA,23.8,34.3,No,No
2013-01-18,BadgerysCreek,19.3,45.8,0,NA,NA,WNW,80,N,W,6,20,65,15,1003,997.7,NA,NA,27.3,43.7,No,No
2013-01-19,BadgerysCreek,20.2,25.2,0.8,NA,NA,SE,26,ESE,SE,7,11,63,81,1013.1,1013.9,NA,NA,23.4,19.6,No,No
2013-01-20,BadgerysCreek,18.5,24.6,0.8,NA,NA,E,17,SW,ESE,6,4,73,61,1017.5,1016,NA,NA,19.9,22.9,No,Yes
2013-01-21,BadgerysCreek,19.2,29.2,1.4,NA,NA,ENE,31,ESE,NNE,4,15,91,54,1016,1012.4,NA,NA,21.1,27.6,Yes,No
2013-01-22,BadgerysCreek,16.6,34.2,0,NA,NA,NW,31,N,WNW,6,15,76,53,1010.4,1007.2,NA,NA,23.4,28.1,No,Yes
2013-01-23,BadgerysCreek,19.7,26.3,1.4,NA,NA,SSE,30,SSE,SE,7,17,77,59,1015.7,1015,NA,NA,21.1,25,Yes,No
2013-01-24,BadgerysCreek,19.9,31.4,0,NA,NA,E,33,SSW,E,6,13,64,43,1017.7,1014.4,NA,NA,22.9,30.8,No,No
2013-01-25,BadgerysCreek,18.7,34.4,0,NA,NA,E,39,N,E,6,24,78,44,1013.3,1009,NA,NA,24.2,33,No,No
2013-01-26,BadgerysCreek,21,33,0,NA,NA,ENE,46,ENE,ENE,7,20,75,54,1012.5,1009.4,NA,NA,25.5,30.6,No,Yes
2013-01-27,BadgerysCreek,19.2,23.4,35.4,NA,NA,ENE,24,NNE,NE,7,15,100,86,1008.6,1008.8,NA,NA,20.1,22.4,Yes,Yes
2013-01-28,BadgerysCreek,20,22.4,6.8,NA,NA,NE,43,ESE,ENE,7,9,100,100,1009.2,1008.1,NA,NA,21.3,21.3,Yes,Yes
2013-01-29,BadgerysCreek,18.3,28.1,116,NA,NA,WSW,37,W,E,7,13,89,75,1001.5,1004.4,NA,NA,22.3,24.9,Yes,No
2013-01-30,BadgerysCreek,19,26.9,0,NA,NA,ESE,28,SE,NE,4,17,79,61,1014.9,1013.2,NA,NA,20.7,26.2,No,No
2013-01-31,BadgerysCreek,19.2,33,0.4,NA,NA,E,31,N,NNE,7,13,84,51,1013.1,1007,NA,NA,23,31.6,No,Yes
2013-03-01,BadgerysCreek,15.3,18.4,30.6,NA,NA,S,50,SSW,SSW,17,17,96,92,1015.2,1017.3,NA,NA,17.8,16.6,Yes,Yes
2013-03-02,BadgerysCreek,14.5,20.5,18,NA,NA,SSE,43,SW,S,15,26,85,73,1021.7,1021.4,NA,NA,16.4,19.3,Yes,Yes
2013-03-03,BadgerysCreek,16.4,24.1,4.8,NA,NA,SE,33,SSE,SE,9,15,79,62,1022.3,1020.5,NA,NA,20,23,Yes,Yes
2013-03-04,BadgerysCreek,17.6,25.8,3,NA,NA,ESE,41,S,ESE,7,19,89,52,1022.4,1020.4,NA,NA,20.4,24.3,Yes,No
2013-03-05,BadgerysCreek,16.6,27,0.2,NA,NA,ENE,31,SW,ENE,6,15,83,52,1021.9,1019.2,NA,NA,20.3,26.7,No,No
2013-03-06,BadgerysCreek,15.6,27.7,0,NA,NA,NNE,26,NA,N,0,15,89,52,1020.9,1017.8,NA,NA,19.8,26.5,No,No
2013-03-07,BadgerysCreek,14.9,29.2,0,NA,NA,ENE,28,SW,N,6,9,92,47,1020.1,1016.8,NA,NA,19.1,27.9,No,No
2013-03-08,BadgerysCreek,15.8,27.8,0,NA,NA,ENE,24,W,E,2,11,91,50,1022.4,1019.8,NA,NA,19,26.4,No,No
2013-03-09,BadgerysCreek,16.4,29,0,NA,NA,NE,26,SW,ENE,4,9,90,44,1021.5,1018.3,NA,NA,20.3,28.6,No,No
2013-03-10,BadgerysCreek,15.9,29.6,0,NA,NA,ENE,28,NA,ENE,0,9,88,48,1020.1,1016.8,NA,NA,19.7,28.1,No,No
2013-03-11,BadgerysCreek,17.2,28.4,0,NA,NA,ESE,28,WSW,ESE,4,6,95,54,1020.8,1018.8,NA,NA,20.4,27.4,No,No
2013-03-12,BadgerysCreek,17,27.6,0,NA,NA,E,26,SW,NE,4,6,88,55,1021.1,1018,NA,NA,20.8,24.9,No,No
2013-03-13,BadgerysCreek,13.9,30,0,NA,NA,NE,26,NA,NNE,0,9,89,41,1014.5,1010,NA,NA,18,29.1,No,No
2013-03-14,BadgerysCreek,16.8,26.6,0,NA,NA,SSE,19,SW,S,6,7,85,68,1012.3,1011.2,NA,NA,21.4,24.8,No,No
2013-03-15,BadgerysCreek,19.2,24.9,0.2,NA,NA,E,20,SSW,E,7,11,78,68,1016.5,1015.6,NA,NA,20.8,24.1,No,No
2013-03-16,BadgerysCreek,18.1,30.9,0,NA,NA,ENE,20,N,NE,7,6,91,49,1013.8,1008.3,NA,NA,19.9,29.5,No,No
2013-03-17,BadgerysCreek,16.2,24.1,0,NA,NA,SW,43,SSW,SSE,19,15,62,34,1013.3,1014.8,NA,NA,19,23,No,No
2013-03-18,BadgerysCreek,11,24.1,0,NA,NA,ENE,30,SW,ENE,17,4,60,36,1021.4,1019.7,NA,NA,15.4,22.6,No,No
2013-03-19,BadgerysCreek,9.5,25.3,0,NA,NA,E,30,SW,ENE,9,7,70,39,1024.4,1022.3,NA,NA,16.2,24.2,No,No
2013-03-20,BadgerysCreek,11.6,26.6,0,NA,NA,ESE,28,SW,NNE,7,13,84,43,1025.4,1021.5,NA,NA,16.9,25.5,No,No
2013-03-21,BadgerysCreek,12.7,29.5,0,NA,NA,NNE,37,NA,NNE,0,26,93,45,1019.2,1013.2,NA,NA,16.5,28.4,No,No
2013-03-22,BadgerysCreek,16.5,32.4,0,NA,NA,NW,50,NNE,NNE,15,13,64,47,1012.7,1010.7,NA,NA,25,31.1,No,No
2013-03-23,BadgerysCreek,18.7,31.1,0,NA,NA,W,35,ENE,SSW,7,7,61,49,1016.4,1013.1,NA,NA,24.4,28.9,No,No
2013-03-24,BadgerysCreek,17.5,33.2,0,NA,NA,WNW,28,WSW,ENE,7,9,81,41,1016.1,1011,NA,NA,21.6,31,No,No
2013-03-25,BadgerysCreek,12.3,30.1,0,NA,NA,ESE,22,SW,SW,6,6,64,41,1018.5,1017.1,NA,NA,19.5,29.1,No,No
2013-03-26,BadgerysCreek,15.6,28,0,NA,NA,NE,26,NA,N,0,7,94,57,1019.7,1015.8,NA,NA,18.4,27.2,No,No
2013-03-27,BadgerysCreek,18.3,32.3,0,NA,NA,NNE,22,N,N,4,13,92,53,1018.9,1014.9,NA,NA,21.6,30.2,No,No
2013-03-28,BadgerysCreek,17,31.8,0,NA,NA,WNW,33,NA,NNW,0,7,89,44,1016.4,1011.9,NA,NA,20.8,29.8,No,Yes
2013-03-29,BadgerysCreek,13.2,22.6,4,NA,NA,SW,56,SE,SE,7,13,65,54,1018.7,1017.2,NA,NA,16.6,21,Yes,No
2013-03-30,BadgerysCreek,10.9,25.9,0,NA,NA,NNE,26,W,NE,2,11,75,45,1017.6,1012.1,NA,NA,17,25,No,No
2013-03-31,BadgerysCreek,14.7,25.1,0,NA,NA,SW,39,S,SW,9,17,77,44,1011.3,1011.2,NA,NA,17.7,24.1,No,No
2013-04-01,BadgerysCreek,14.6,27,0,NA,NA,E,31,SW,ESE,6,7,72,47,1017.8,1014.8,NA,NA,18.3,24.9,No,No
2013-04-02,BadgerysCreek,11.1,26.8,0,NA,NA,E,28,SW,SSW,6,13,83,35,1016.3,1013.4,NA,NA,16.2,25.8,No,No
2013-04-03,BadgerysCreek,13.2,19.2,0.8,NA,NA,SSW,35,SSW,SSW,7,13,100,67,1021.4,1022.3,NA,NA,15.9,17.3,No,Yes
2013-04-04,BadgerysCreek,14.3,19.6,8.6,NA,NA,SE,20,SW,ENE,9,7,98,87,1028.4,1027.7,NA,NA,14.9,17.9,Yes,Yes
2013-04-05,BadgerysCreek,14.5,21.2,5.4,NA,NA,SSE,19,SSW,ESE,7,9,92,78,1030.7,1028.5,NA,NA,16.6,19.1,Yes,Yes
2013-04-06,BadgerysCreek,13.3,21.5,1.4,NA,NA,NE,28,NNE,NNE,6,6,100,62,1028.4,1025,NA,NA,14.9,20.9,Yes,Yes
2013-04-07,BadgerysCreek,11.2,24.2,3.2,NA,NA,ENE,33,WSW,N,7,7,83,51,1024.7,1021,NA,NA,17.1,23.5,Yes,Yes
2013-04-08,BadgerysCreek,10.9,24.8,11.4,NA,NA,ESE,26,WSW,ESE,9,15,85,65,1025.4,1023.4,NA,NA,16.9,22.4,Yes,No
2013-04-09,BadgerysCreek,12.7,23.5,0.2,NA,NA,SE,30,SW,ENE,9,9,86,72,1026.7,1024,NA,NA,19.1,21.6,No,Yes
2013-04-10,BadgerysCreek,10.2,24.8,3,NA,NA,N,24,NA,NNE,0,11,88,49,1024.8,1020.9,NA,NA,17.2,24.1,Yes,No
2013-04-11,BadgerysCreek,10.3,26.8,0.4,NA,NA,ESE,15,N,E,4,6,82,36,1023.6,1021.1,NA,NA,17.4,26.5,No,No
2013-04-12,BadgerysCreek,13.1,26,0,NA,NA,NNE,22,WSW,ENE,6,11,79,47,1026.1,1022.2,NA,NA,19.6,25,No,No
2013-04-13,BadgerysCreek,10.2,25.8,0,NA,NA,N,24,NA,NE,0,9,91,44,1021.6,1015.7,NA,NA,17.6,25.6,No,No
2013-04-14,BadgerysCreek,10.8,29.3,0,NA,NA,NNE,15,NA,NNW,0,4,81,35,1014.3,1010.4,NA,NA,19,29.1,No,No
2013-04-15,BadgerysCreek,11.6,27.4,0,NA,NA,W,26,NNW,SE,6,7,90,41,1010.2,1007.1,NA,NA,16.4,27,No,Yes
2013-04-16,BadgerysCreek,15.4,20.6,21,NA,NA,SSE,24,SW,SSE,7,13,98,71,1015.5,1013.5,NA,NA,15.7,19.6,Yes,No
2013-04-17,BadgerysCreek,12,23.2,0.2,NA,NA,E,22,SW,SE,13,13,81,67,1017,1013.9,NA,NA,17.3,20.6,No,No
2013-04-18,BadgerysCreek,12.9,24.5,0.2,NA,NA,SSE,30,W,SE,2,17,81,71,1014.8,1012.3,NA,NA,18,20.8,No,No
2013-04-19,BadgerysCreek,11,20.2,0,NA,NA,SW,57,SSW,SSW,20,28,56,41,1015.5,1013.5,NA,NA,14.8,18.4,No,Yes
2013-04-20,BadgerysCreek,12.5,18.3,4.6,NA,NA,SW,46,SW,S,19,19,89,69,1014.4,1014.6,NA,NA,13.9,18,Yes,Yes
2013-04-21,BadgerysCreek,8.9,21.4,18.2,NA,NA,WSW,17,SW,ENE,11,6,72,47,1016.1,1012,NA,NA,14.8,20.4,Yes,No
2013-04-22,BadgerysCreek,11.3,23.7,0.8,NA,NA,NW,33,NA,W,0,20,91,41,1010.9,1007,NA,NA,14.9,22.9,No,No
2013-04-23,BadgerysCreek,7.6,23.8,0,NA,NA,SW,30,NA,SSW,0,20,69,44,1013.2,1011.8,NA,NA,16.4,22.9,No,No
2013-04-24,BadgerysCreek,6.7,22.7,0,NA,NA,SW,28,WSW,ENE,9,7,68,40,1019.2,1015.6,NA,NA,15.4,22,No,No
2013-04-25,BadgerysCreek,6.6,23.1,0,NA,NA,SW,28,SW,WNW,4,6,65,44,1021.8,1019,NA,NA,13.9,23,No,No
2013-04-26,BadgerysCreek,6.4,25.8,0,NA,NA,W,24,N,WSW,4,11,73,37,1023,1018.9,NA,NA,15.7,25.4,No,No
2013-04-27,BadgerysCreek,8.2,25.1,0,NA,NA,N,22,NA,N,0,9,70,41,1022.2,1017.2,NA,NA,17.7,24.3,No,No
2013-04-28,BadgerysCreek,7.4,28.9,0.2,NA,NA,NW,19,N,N,2,4,86,30,1019.1,1015.8,NA,NA,16.4,28.5,No,No
2013-04-29,BadgerysCreek,9.1,28,0,NA,NA,ESE,19,NNW,NE,2,4,67,36,1022.6,1020.2,NA,NA,17.6,27.9,No,No
2013-04-30,BadgerysCreek,15.4,22.9,0,NA,NA,E,20,SW,ESE,7,11,89,72,1025.8,1021.9,NA,NA,18.6,21,No,No
2013-05-01,BadgerysCreek,16.1,26.4,0,NA,NA,SE,24,NA,E,0,4,82,57,1018.7,1013.9,NA,NA,18.7,24.8,No,No
2013-05-02,BadgerysCreek,9.1,19.2,0,NA,NA,SW,31,SW,SSE,15,11,57,53,1025.9,1025.2,NA,NA,14.1,17.6,No,No
2013-05-03,BadgerysCreek,6.3,21.6,0,NA,NA,NNE,28,WSW,NNE,2,11,77,48,1026.8,1020.8,NA,NA,14.3,21.2,No,No
2013-05-04,BadgerysCreek,8.1,25.5,0,NA,NA,SE,39,NE,SE,4,24,76,63,1017.4,1017.8,NA,NA,14.9,19.8,No,No
2013-05-05,BadgerysCreek,9.1,19,0,NA,NA,SW,20,SW,SSE,13,7,59,46,1025.4,1022.1,NA,NA,13.6,17.6,No,No
2013-05-06,BadgerysCreek,6.5,19.8,0,NA,NA,SSW,24,SW,SE,15,13,63,58,1027.1,1024.4,NA,NA,14,17.9,No,No
2013-05-07,BadgerysCreek,9.9,19.9,0,NA,NA,WSW,17,SW,ESE,11,6,75,64,1029.1,1027.1,NA,NA,15.8,18.6,No,No
2013-05-08,BadgerysCreek,8.2,22.1,0,NA,NA,N,17,NA,NE,0,9,100,56,1031.3,1027.7,NA,NA,13.6,21.1,No,No
2013-05-09,BadgerysCreek,7,23.4,0.2,NA,NA,ENE,17,NA,NNE,0,6,100,49,1030.9,1027.3,NA,NA,13.5,22.9,No,No
2013-05-10,BadgerysCreek,5.8,23.6,0,NA,NA,WSW,13,SW,SE,4,4,100,47,1031,1028.3,NA,NA,13,22.6,No,No
2013-05-11,BadgerysCreek,7.5,23.4,0,NA,NA,ESE,22,SW,ESE,11,15,85,68,1030.8,1027.1,NA,NA,14.5,21.1,No,No
2013-05-12,BadgerysCreek,9.6,22,0.2,NA,NA,NE,24,NA,NNE,0,13,100,53,1027.3,1022.6,NA,NA,12.6,21.7,No,No
2013-05-13,BadgerysCreek,8.5,19.1,0,NA,NA,N,17,N,SSW,2,2,100,71,1019.1,1014.1,NA,NA,12.1,18.9,No,Yes
2013-05-14,BadgerysCreek,12.2,19.2,1.8,NA,NA,SW,28,SW,SSW,17,15,61,36,1014.2,1011.4,NA,NA,13.5,18.3,Yes,No
2013-05-15,BadgerysCreek,2.3,19.6,0,NA,NA,WNW,41,NE,WNW,2,26,78,41,1013.9,1009.8,NA,NA,10.3,18.5,No,No
2013-05-16,BadgerysCreek,8.3,20.6,0,NA,NA,W,54,N,W,9,30,64,44,1010,1007.9,NA,NA,16.5,18.3,No,No
2013-05-17,BadgerysCreek,8.8,18.4,0,NA,NA,W,46,WSW,W,17,19,53,41,1012.1,1011.5,NA,NA,15.2,17.2,No,No
2013-05-18,BadgerysCreek,5.9,18.5,0,NA,NA,WSW,33,WSW,SW,20,17,52,38,1015,1012.2,NA,NA,13.9,17.9,No,No
2013-05-19,BadgerysCreek,2.6,18.6,0,NA,NA,SW,31,NA,WSW,0,17,67,36,1017,1014.4,NA,NA,12.2,17.9,No,No
2013-05-20,BadgerysCreek,3.4,19,0,NA,NA,SW,41,NE,WSW,4,24,87,47,1019,1015.2,NA,NA,7.8,18.4,No,No
2013-05-21,BadgerysCreek,3.1,21.6,0,NA,NA,SW,35,S,SW,2,24,82,41,1015.8,1012.9,NA,NA,12.2,20.4,No,No
2013-05-22,BadgerysCreek,4.3,15.6,0,NA,NA,WSW,19,SSE,SW,7,9,81,74,1015,1010.1,NA,NA,10.6,13.6,No,Yes
2013-05-23,BadgerysCreek,9.6,14.6,18.2,NA,NA,SSW,37,SW,SW,11,15,97,92,1014.3,1013.8,NA,NA,12.1,14.5,Yes,Yes
2013-05-24,BadgerysCreek,11,17.3,24.8,NA,NA,S,37,SSW,SSW,15,19,78,67,1019.8,1018.6,NA,NA,13.7,16.7,Yes,No
2013-05-25,BadgerysCreek,9.2,19.9,0.8,NA,NA,W,22,SSW,SW,7,13,76,42,1024.1,1022.1,NA,NA,13.6,19.5,No,No
2013-05-26,BadgerysCreek,2.8,20.8,0,NA,NA,NE,13,W,NNE,2,7,91,46,1026,1023.1,NA,NA,9.7,19,No,No
2013-05-27,BadgerysCreek,5.5,19.5,0.2,NA,NA,SW,20,WSW,SE,9,7,85,55,1029.6,1028.3,NA,NA,11.8,18.5,No,Yes
2013-05-28,BadgerysCreek,10.1,19.1,5,NA,NA,N,19,WSW,N,6,7,99,73,1033,1030,NA,NA,13.4,17.6,Yes,No
2013-05-29,BadgerysCreek,9.5,18.1,0.8,NA,NA,N,13,NNW,NNE,4,2,100,83,1031.5,1027.8,NA,NA,10.4,16.8,No,No
2013-05-30,BadgerysCreek,7.2,21.1,0.2,NA,NA,NNE,13,NNE,NE,2,4,100,65,1029.3,1025.7,NA,NA,11.6,20.4,No,No
2013-05-31,BadgerysCreek,5.8,22.5,0.2,NA,NA,NE,11,NE,NNE,2,7,100,56,1028.2,1023.8,NA,NA,11.5,22.2,No,No
2013-06-01,BadgerysCreek,8.1,19.6,0,NA,NA,N,28,NA,N,0,13,100,73,1019.3,1013.6,NA,NA,12.5,17.9,No,Yes
2013-06-02,BadgerysCreek,12.7,15,11.2,NA,NA,SW,52,WSW,SSW,13,19,100,66,1006.9,1011,NA,NA,14,14.8,Yes,Yes
2013-06-03,BadgerysCreek,8.9,18.1,5.4,NA,NA,WSW,39,SW,WSW,24,7,57,40,1020.9,1019,NA,NA,12.4,17.5,Yes,No
2013-06-04,BadgerysCreek,4.5,20.6,0,NA,NA,WSW,22,WSW,NNE,11,6,75,56,1026.3,1023.8,NA,NA,11.7,19.2,No,No
2013-06-05,BadgerysCreek,5.6,17.6,0,NA,NA,NNE,17,NA,N,0,9,100,77,1026.3,1022,NA,NA,8.3,16.6,No,No
2013-06-06,BadgerysCreek,8.1,16.4,0,NA,NA,N,11,NA,SW,0,6,100,80,1023.2,1020.1,NA,NA,10.9,15,No,No
2013-06-07,BadgerysCreek,10.8,21,0.2,NA,NA,WSW,30,SW,S,6,9,96,59,1020,1018.8,NA,NA,13.5,19.9,No,No
2013-06-08,BadgerysCreek,8.8,17.1,0,NA,NA,WSW,17,WSW,ESE,9,6,79,67,1031.1,1028.8,NA,NA,13,16.1,No,No
2013-06-09,BadgerysCreek,5.9,18.6,0,NA,NA,NNE,24,SW,NNE,4,11,100,62,1028.7,1023.8,NA,NA,11.1,17.8,No,No
2013-06-10,BadgerysCreek,4.3,15,0,NA,NA,WSW,7,N,NNW,4,4,100,100,1021.5,1019,NA,NA,9.5,13.8,No,Yes
2013-06-11,BadgerysCreek,3,18.5,3,NA,NA,NNE,13,NNE,NNE,2,6,100,64,1021.1,1017.5,NA,NA,9.7,17.3,Yes,No
2013-06-12,BadgerysCreek,5.7,14.3,0,NA,NA,NNW,19,NA,N,0,4,100,100,1015.3,1010.2,NA,NA,10.2,13.7,No,Yes
2013-06-13,BadgerysCreek,6.6,19.1,7.2,NA,NA,NW,31,E,NW,6,15,100,58,1007,1004.3,NA,NA,9.6,17.3,Yes,No
2013-06-14,BadgerysCreek,5.1,19.2,0,NA,NA,W,41,S,WSW,6,17,98,55,1005.5,1003.6,NA,NA,11,16.5,No,No
2013-06-15,BadgerysCreek,11,18.2,0.2,NA,NA,SW,48,SW,WSW,24,28,58,47,1010.6,1010.5,NA,NA,13.8,17.2,No,No
2013-06-16,BadgerysCreek,5,17.7,0,NA,NA,SW,30,NNE,WSW,6,13,75,47,1015,1011.8,NA,NA,10.7,17.4,No,No
2013-06-17,BadgerysCreek,2.9,16.6,0,NA,NA,WSW,37,SW,WSW,13,20,72,54,1009.8,1008.8,NA,NA,12,15.9,No,No
2013-06-18,BadgerysCreek,1.5,16.9,0.2,NA,NA,S,33,NA,SW,0,11,100,55,1013.8,1012.5,NA,NA,8,14.7,No,No
2013-06-19,BadgerysCreek,7.9,16.1,0.2,NA,NA,SW,43,SW,SSW,24,19,67,52,1022.6,1021.4,NA,NA,11.5,15.1,No,No
2013-06-20,BadgerysCreek,6.9,16.3,0,NA,NA,SW,26,SW,S,17,6,73,58,1024.5,1020.8,NA,NA,10.4,14.5,No,No
2013-06-21,BadgerysCreek,4.9,17,0,NA,NA,WSW,19,SW,ESE,6,9,99,61,1021.9,1019.1,NA,NA,8,14.4,No,No
2013-06-22,BadgerysCreek,4.7,15.3,0,NA,NA,SSE,22,SW,SSW,13,4,90,91,1024.8,1024.3,NA,NA,9.5,12.3,No,Yes
2013-06-23,BadgerysCreek,9.1,14,9.4,NA,NA,SW,26,SW,SSE,11,13,100,82,1028.9,1027,NA,NA,10.3,12.7,Yes,Yes
2013-06-24,BadgerysCreek,9.1,13.3,14.4,NA,NA,SSW,35,WSW,WSW,13,7,91,85,1021.5,1017.7,NA,NA,10.4,13.1,Yes,Yes
2013-06-25,BadgerysCreek,8.9,14,17.8,NA,NA,SW,33,SW,SSW,7,7,100,100,1016.4,1015.5,NA,NA,10.5,12.4,Yes,Yes
2013-06-26,BadgerysCreek,10.4,17.8,38.2,NA,NA,SSE,33,SSW,S,11,17,100,67,1021,1020.5,NA,NA,13.6,17.4,Yes,Yes
2013-06-27,BadgerysCreek,11.5,18,4.4,NA,NA,SE,20,SW,SSW,7,4,100,88,1023.3,1020.8,NA,NA,13,15.7,Yes,No
2013-06-28,BadgerysCreek,10.4,16,0.2,NA,NA,WSW,17,SW,SSE,13,7,100,100,1024.1,1022.5,NA,NA,12,13.9,No,Yes
2013-06-29,BadgerysCreek,11.2,13.3,30.2,NA,NA,S,19,SW,SW,9,11,100,100,1025.2,1023.2,NA,NA,11.7,12.8,Yes,Yes
2013-06-30,BadgerysCreek,10,17,9.8,NA,NA,WSW,17,SE,SW,4,6,91,82,1026.3,1023.9,NA,NA,11.1,14.4,Yes,No
2013-07-01,BadgerysCreek,6.6,20.1,0.2,NA,NA,SW,19,SW,NE,6,6,96,49,1024.6,1021.7,NA,NA,10.6,18.4,No,No
2013-07-02,BadgerysCreek,3.6,18.9,0,NA,NA,WSW,15,SW,WSW,2,6,100,54,1025,1020.9,NA,NA,8.9,17.9,No,No
2013-07-03,BadgerysCreek,3.7,17.9,0.2,NA,NA,SW,15,NA,NNE,0,6,92,56,1024.5,1020.8,NA,NA,9.4,17.4,No,No
2013-07-04,BadgerysCreek,0.5,21,0.2,NA,NA,NW,44,SW,W,6,17,100,43,1016.4,1011.5,NA,NA,5.8,20.7,No,No
2013-07-05,BadgerysCreek,5.8,18.4,0,NA,NA,W,52,WNW,W,22,30,50,30,1010.8,1011.4,NA,NA,15.8,16.8,No,No
2013-07-06,BadgerysCreek,2,16.3,0,NA,NA,W,30,N,WSW,7,15,73,38,1020,1018.1,NA,NA,8.3,15.8,No,No
2013-07-07,BadgerysCreek,0.6,17.1,0,NA,NA,WSW,30,NA,WSW,0,9,81,45,1027.3,1025.7,NA,NA,7.8,16.9,No,No
2013-07-08,BadgerysCreek,0.5,17.1,0,NA,NA,SW,33,NA,WSW,0,15,100,46,1031.9,1030.1,NA,NA,6,16.7,No,No
2013-07-09,BadgerysCreek,4,15.1,0,NA,NA,E,24,SW,ENE,11,13,78,72,1035.2,1033.6,NA,NA,9.9,12.5,No,No
2013-07-10,BadgerysCreek,7.3,16.3,0,NA,NA,WSW,13,SW,ENE,7,7,92,67,1034.1,1031.6,NA,NA,9.8,14.9,No,No
2013-07-11,BadgerysCreek,3.1,16.9,0,NA,NA,NE,11,NA,NNE,0,6,100,62,1035.5,1032.1,NA,NA,8,16.5,No,No
2013-07-12,BadgerysCreek,2.5,18,0.2,NA,NA,NNW,15,NA,NNE,0,6,100,53,1031.3,1027.2,NA,NA,8.1,17.5,No,No
2013-07-13,BadgerysCreek,4.3,16.2,0.2,NA,NA,WSW,9,NA,NNW,0,2,100,69,1029.4,1027.4,NA,NA,8.5,15.5,No,No
2013-07-14,BadgerysCreek,5.4,18,0,NA,NA,NNE,22,WNW,NNE,2,13,100,57,1028.5,1025.1,NA,NA,11.2,17.6,No,No
2013-07-15,BadgerysCreek,10.3,14.8,0.8,NA,NA,NNW,7,NA,NNW,0,6,100,99,1024.7,1022.2,NA,NA,11.2,14.6,No,No
2013-07-16,BadgerysCreek,9.2,20.3,0.2,NA,NA,W,26,NNW,ENE,2,2,100,67,1024.8,1022.2,NA,NA,11.7,19.6,No,No
2013-07-17,BadgerysCreek,9.1,22.1,0.2,NA,NA,N,13,NA,NNE,0,9,100,59,1024,1020.4,NA,NA,11.6,21.8,No,No
2013-07-18,BadgerysCreek,7.5,21.4,0,NA,NA,NNE,15,NA,NA,0,0,100,69,1022.9,1019.1,NA,NA,11.5,20,No,No
2013-07-19,BadgerysCreek,10.8,17.4,0,NA,NA,NNE,33,NA,NNE,0,17,94,80,1015.1,1011.2,NA,NA,16.2,16.9,No,No
2013-07-20,BadgerysCreek,6.1,19,0.2,NA,NA,NW,61,N,NW,13,33,90,42,1009.2,1005.4,NA,NA,14.1,17.4,No,No
2013-07-21,BadgerysCreek,4,15.3,0,NA,NA,W,57,NW,W,13,26,51,35,1015.9,1013.6,NA,NA,10.5,14.3,No,No
2013-07-22,BadgerysCreek,0.3,16.1,0,NA,NA,WNW,48,S,W,4,26,82,34,1019.5,1016.6,NA,NA,6.3,15.4,No,No
2013-07-23,BadgerysCreek,-0.4,16.4,0,NA,NA,SW,44,N,SW,4,26,79,47,1020.3,1019,NA,NA,8.5,15,No,No
2013-07-24,BadgerysCreek,7.6,16.9,0,NA,NA,SSW,39,SW,S,26,17,57,45,1026.8,1026.4,NA,NA,12.6,16.1,No,No
2013-07-25,BadgerysCreek,2.5,17.8,0,NA,NA,NNE,20,SW,N,2,7,93,43,1030.2,1026.5,NA,NA,7.8,17.4,No,No
2013-07-26,BadgerysCreek,0.3,19.7,0,NA,NA,N,13,NW,N,4,2,100,37,1025.8,1023.4,NA,NA,8.4,19.3,No,No
2013-07-27,BadgerysCreek,1.9,18,0,NA,NA,ENE,22,WSW,NNE,4,11,66,50,1031.2,1027.9,NA,NA,9.1,17.3,No,No
2013-07-28,BadgerysCreek,2.6,17.9,0,NA,NA,NNE,11,NA,NNE,0,6,100,59,1030,1025.5,NA,NA,8.5,17.4,No,No
2013-07-29,BadgerysCreek,3.2,21.5,0,NA,NA,N,19,NA,N,0,13,100,47,1025.6,1020.5,NA,NA,7.9,21.2,No,No
2013-07-30,BadgerysCreek,5.3,20.7,0.2,NA,NA,SW,15,NA,N,0,9,100,56,1020,1017.6,NA,NA,11.8,19.4,No,No
2013-07-31,BadgerysCreek,9.5,17,0.2,NA,NA,S,30,SW,S,13,9,79,67,1024.2,1022.9,NA,NA,13.4,15.1,No,No
2013-08-01,BadgerysCreek,3.8,19.2,0.2,NA,NA,WNW,17,SW,ENE,7,7,93,44,1023.6,1019.9,NA,NA,10.1,17.7,No,No
2013-08-02,BadgerysCreek,2.7,19.6,0,NA,NA,WNW,31,NA,NW,0,11,100,37,1018.2,1012.6,NA,NA,7.8,18.8,No,No
2013-08-03,BadgerysCreek,3.5,18.5,0,NA,NA,WSW,37,NA,WSW,0,6,74,34,1016,1012.1,NA,NA,11.6,17.6,No,No
2013-08-04,BadgerysCreek,6.4,17.6,0,NA,NA,WSW,37,NA,WSW,0,22,62,40,1013.8,1013.1,NA,NA,13.1,17.3,No,No
2013-08-05,BadgerysCreek,4.4,19.6,0,NA,NA,W,39,N,W,9,22,68,39,1017.4,1014,NA,NA,11.9,18.5,No,No
2013-08-06,BadgerysCreek,5.3,22.7,0,NA,NA,WNW,54,NW,WNW,19,26,49,38,1011.8,1007.5,NA,NA,16.6,20.1,No,NA
2013-08-07,BadgerysCreek,7.6,18.2,NA,NA,NA,SW,35,WSW,ESE,19,4,67,41,1013.9,1009.1,NA,NA,11.7,17.2,NA,Yes
2013-08-08,BadgerysCreek,7,14.3,6.8,NA,NA,SW,50,SW,SSW,13,24,74,65,1008.9,1010.9,NA,NA,9.1,13.5,Yes,No
2013-08-09,BadgerysCreek,3.7,18.3,0,NA,NA,WSW,19,SW,N,6,6,71,47,1018.9,1014,NA,NA,9.7,16.9,No,No
2013-08-10,BadgerysCreek,3.5,22.3,0,NA,NA,NW,28,WNW,W,6,15,62,36,1016.2,1013.5,NA,NA,12.9,22.1,No,No
2013-08-11,BadgerysCreek,3.3,21.2,0,NA,NA,NNW,20,NW,NE,4,7,69,31,1018.2,1013.5,NA,NA,12,20.6,No,No
2013-08-12,BadgerysCreek,3.8,24.8,0,NA,NA,WNW,89,ENE,NW,4,30,80,52,1006,1003.1,NA,NA,11.9,17.6,No,No
2013-08-13,BadgerysCreek,3,21,0,NA,NA,SW,39,W,NNE,11,9,34,29,1012.9,1012.2,NA,NA,15.6,20.1,No,No
2013-08-14,BadgerysCreek,2.6,23,0,NA,NA,WNW,39,WSW,WNW,2,24,87,25,1013.5,1007.7,NA,NA,8.3,22.3,No,No
2013-08-15,BadgerysCreek,8.2,18.5,0,NA,NA,SW,52,SW,SSW,22,6,44,30,1019.2,1019.3,NA,NA,12.4,18.1,No,No
2013-08-16,BadgerysCreek,0.1,20.1,0,NA,NA,NE,37,NA,NNE,0,22,90,29,1023.5,1015.9,NA,NA,8.5,19.5,No,No
2013-08-17,BadgerysCreek,6.2,23.7,0,NA,NA,WNW,54,N,WNW,7,30,56,36,1010.4,1007.4,NA,NA,14.2,22,No,No
2013-08-18,BadgerysCreek,5.9,21.9,0,NA,NA,NW,44,N,NW,11,22,54,28,1016.9,1011.6,NA,NA,14.5,21.4,No,No
2013-08-19,BadgerysCreek,9.1,19.4,0,NA,NA,WNW,59,NE,WSW,9,26,42,35,1009,1007.7,NA,NA,16.6,16.5,No,No
2013-08-20,BadgerysCreek,5.3,14.8,0,NA,NA,WSW,50,WSW,W,26,28,47,32,1014,1012.7,NA,NA,10.7,13.9,No,No
2013-08-21,BadgerysCreek,5.5,NA,0,NA,NA,WSW,50,WSW,W,24,17,51,39,1016.4,1013.7,NA,NA,11.6,15.5,No,NA
2013-08-22,BadgerysCreek,-0.1,17.5,NA,NA,NA,WNW,43,NNE,NW,9,17,84,43,1013.5,1010.2,NA,NA,6.1,15.9,NA,No
2013-08-23,BadgerysCreek,6.1,17.9,0,NA,NA,WNW,54,WSW,WNW,4,17,54,48,1010.2,1008.9,NA,NA,15.1,16.6,No,No
2013-08-24,BadgerysCreek,6.5,21.4,0,NA,NA,SW,24,SW,S,13,9,55,37,1020.3,1019.7,NA,NA,16.3,20.9,No,No
2013-08-25,BadgerysCreek,3.3,23.9,0,NA,NA,ESE,17,NA,E,0,2,75,34,1024.2,1020,NA,NA,12.4,22.9,No,No
2013-08-26,BadgerysCreek,4.5,20.8,0,NA,NA,WSW,19,SW,NW,4,4,63,38,1024.9,1020.3,NA,NA,13.6,19.9,No,No
2013-08-27,BadgerysCreek,6.8,22.2,0,NA,NA,E,24,WSW,ESE,4,6,61,41,1022,1018,NA,NA,14.7,20.7,No,No
2013-08-28,BadgerysCreek,5.1,23.4,0,NA,NA,SW,28,SW,ESE,4,15,82,38,1021.6,1019.5,NA,NA,14,22.1,No,No
2013-08-29,BadgerysCreek,5.6,21.4,0,NA,NA,N,22,SSE,ENE,4,7,96,53,1024.4,1018.6,NA,NA,12.4,20.7,No,No
2013-08-30,BadgerysCreek,8.9,27.4,0,NA,NA,NNW,37,NE,NW,7,22,65,27,1014.9,1011.4,NA,NA,17.9,27,No,No
2013-08-31,BadgerysCreek,8.9,24,0,NA,NA,E,26,W,SSW,9,9,67,33,1021.7,1019.6,NA,NA,15.4,23.6,No,No
2013-09-01,BadgerysCreek,5,23.4,0,NA,NA,ENE,24,SW,N,4,9,72,34,1028.9,1026,NA,NA,13.8,23,No,No
2013-09-02,BadgerysCreek,5.6,24.8,0,NA,NA,NNE,15,NA,N,0,4,84,33,1031.3,1028.8,NA,NA,13.3,23.8,No,NA
2013-09-03,BadgerysCreek,6.9,23.4,NA,NA,NA,N,22,NW,ENE,4,7,75,46,1034.2,1030.9,NA,NA,15.1,22.9,NA,No
2013-09-04,BadgerysCreek,6.6,24.3,0.2,NA,NA,NNE,26,WSW,NNE,7,17,96,33,1033.6,1027.5,NA,NA,14.7,23.9,No,No
2013-09-05,BadgerysCreek,6.2,28,0,NA,NA,WNW,26,NNW,W,4,15,79,34,1027.5,1023.2,NA,NA,15.8,27.4,No,No
2013-09-06,BadgerysCreek,9.9,27.6,0,NA,NA,E,22,NE,NNE,6,9,62,38,1027,1022.1,NA,NA,19.3,26.3,No,No
2013-09-07,BadgerysCreek,10.3,31.1,0,NA,NA,NW,43,NNE,WNW,4,28,100,19,1022.5,1018.1,NA,NA,18.2,30.4,No,No
2013-09-08,BadgerysCreek,14.7,19.7,0,NA,NA,S,20,WSW,ENE,7,7,80,69,1026.6,1022.6,NA,NA,15.9,19.2,No,No
2013-09-09,BadgerysCreek,11.2,25.9,0,NA,NA,NNE,26,NE,N,6,13,78,51,1020.9,1013.4,NA,NA,18.3,24.6,No,No
2013-09-10,BadgerysCreek,14.4,31.7,0,NA,NA,WNW,80,NNW,WNW,31,43,28,18,1004.8,1000.8,NA,NA,25.8,29.8,No,No
2013-09-11,BadgerysCreek,6.8,24.2,0,NA,NA,WSW,35,W,WSW,11,26,49,18,1012.6,1008.6,NA,NA,15.6,23.7,No,No
2013-09-12,BadgerysCreek,4.1,23.6,0,NA,NA,S,52,NNE,WSW,4,19,48,27,1015.6,1010.5,NA,NA,16.5,22.1,No,No
2013-09-13,BadgerysCreek,7,18.5,0,NA,NA,ENE,33,SW,ENE,13,11,61,52,1022.2,1017.5,NA,NA,12.8,17.2,No,Yes
2013-09-14,BadgerysCreek,11.7,22.8,4.4,NA,NA,SSE,37,WSW,S,13,20,88,53,1011.8,1008.8,NA,NA,15.2,21.3,Yes,No
2013-09-15,BadgerysCreek,8.7,20.9,0.2,NA,NA,E,31,SSW,ESE,9,17,68,61,1018.4,1015.9,NA,NA,16.9,18.3,No,No
2013-09-16,BadgerysCreek,11.2,17.6,0,NA,NA,E,20,SSE,ENE,4,7,90,98,1016.3,1009.6,NA,NA,14.1,15.9,No,Yes
2013-09-17,BadgerysCreek,13.7,22.8,24,NA,NA,NNW,52,N,WNW,15,22,79,49,1000.3,997.9,NA,NA,17.5,21,Yes,No
2013-09-18,BadgerysCreek,12.6,24.1,0,NA,NA,WNW,50,WNW,WNW,17,24,55,29,1002,1000.2,NA,NA,19.3,23.7,No,No
2013-09-19,BadgerysCreek,10.4,23.1,0,NA,NA,WNW,37,NE,W,4,24,35,22,1005.6,1003.8,NA,NA,17.7,21.8,No,No
2013-09-20,BadgerysCreek,6.3,20.5,0,NA,NA,W,65,N,WNW,13,30,44,70,1007.7,1008.2,NA,NA,17.3,12.8,No,No
2013-09-21,BadgerysCreek,7.1,22.4,0,NA,NA,WSW,28,SW,ESE,15,11,53,35,1015.1,1011.2,NA,NA,16.5,21.3,No,No
2013-09-22,BadgerysCreek,5,25.6,0,NA,NA,WSW,30,SSE,S,2,6,64,29,1015.1,1011,NA,NA,15.7,24.6,No,No
2013-09-23,BadgerysCreek,8.9,28.3,0,NA,NA,E,24,E,NNE,2,6,65,25,1012.1,1006.4,NA,NA,17.2,27.7,No,No
2013-09-24,BadgerysCreek,11.6,31.1,0,NA,NA,WSW,50,S,WSW,4,28,77,18,1004.2,1000.6,NA,NA,16.4,29.7,No,No
2013-09-25,BadgerysCreek,9.1,32.3,0,NA,NA,WNW,44,N,WNW,4,30,45,20,1009.9,1005.4,NA,NA,21.4,31.3,No,No
2013-09-26,BadgerysCreek,9.6,30.3,0,NA,NA,W,74,N,W,9,39,51,21,1002.6,1006.8,NA,NA,20.6,24.2,No,No
2013-09-27,BadgerysCreek,4.4,24.4,0,NA,NA,E,30,W,NNE,6,9,40,19,1020.2,1015.6,NA,NA,16.5,23.7,No,No
2013-09-28,BadgerysCreek,5.1,28.5,0,NA,NA,WNW,72,N,WNW,13,22,52,17,1010.7,1005.9,NA,NA,17.7,27.2,No,No
2013-09-29,BadgerysCreek,11.1,25.1,0,NA,NA,WSW,44,SW,NE,15,7,35,23,1017.3,1013.5,NA,NA,19.2,24.6,No,No
2013-09-30,BadgerysCreek,5.5,31.2,0,NA,NA,WNW,30,NNE,NNW,9,7,59,18,1016.5,1010.1,NA,NA,17.2,30.7,No,No
2013-10-01,BadgerysCreek,11.1,33,0,NA,NA,WNW,91,N,NNW,11,39,47,32,1003.8,1004.2,NA,NA,20.8,26.4,No,No
2013-10-02,BadgerysCreek,5,25.7,0,NA,NA,NW,46,NNW,WNW,13,28,41,24,1015.5,1007.4,NA,NA,17.5,25.4,No,No
2013-10-03,BadgerysCreek,11.8,19.3,0,NA,NA,SSW,56,SW,SSW,31,26,45,41,1010.8,1014.7,NA,NA,17,15.9,No,No
2013-10-04,BadgerysCreek,5.5,21.3,0.2,NA,NA,SW,28,SW,SW,19,4,50,29,1022.7,1018.2,NA,NA,14.7,20.7,No,No
2013-10-05,BadgerysCreek,4.7,29.5,0,NA,NA,NW,17,NNE,NNE,4,4,56,24,1016.5,1010.1,NA,NA,16.4,27.6,No,No
2013-10-06,BadgerysCreek,8,32.9,0,NA,NA,W,56,N,NW,4,28,50,15,1010.3,1004.6,NA,NA,17.9,32.4,No,No
2013-10-07,BadgerysCreek,13.4,22.5,0,NA,NA,SW,37,SSW,ESE,13,22,59,47,1011.4,1009.9,NA,NA,17.1,19.8,No,No
2013-10-08,BadgerysCreek,9,21.9,0,NA,NA,SE,37,SSW,SSE,4,20,66,47,1013.9,1015.3,NA,NA,16.2,20.4,No,No
2013-10-09,BadgerysCreek,5.5,31.9,0,NA,NA,N,26,N,NNE,2,11,73,23,1019.1,1012.8,NA,NA,14,29.4,No,No
2013-10-10,BadgerysCreek,10.4,36.2,0,NA,NA,NW,56,NE,NW,9,30,34,9,1009.6,1003.3,NA,NA,22.5,36,No,No
2013-10-11,BadgerysCreek,13.9,26.1,0,NA,NA,SSE,31,ESE,NE,7,13,69,35,1013,1011.3,NA,NA,19.8,24.8,No,No
2013-10-12,BadgerysCreek,7.7,31.6,0,NA,NA,E,35,ESE,ENE,2,9,61,21,1015.9,1008.4,NA,NA,17.4,29.9,No,No
2013-10-13,BadgerysCreek,12.7,34.3,0,NA,NA,WNW,80,E,WNW,2,43,67,9,1002.6,996.7,NA,NA,18.5,33.1,No,No
2013-10-14,BadgerysCreek,11.6,20.3,0,NA,NA,WSW,44,WSW,S,26,17,45,33,1014.6,1014,NA,NA,14.7,19.1,No,No
2013-10-15,BadgerysCreek,4.5,25.4,0,NA,NA,WSW,28,N,NE,4,7,49,18,1022.6,1017.9,NA,NA,13.7,23.6,No,No
2013-10-16,BadgerysCreek,5.3,31.2,0,NA,NA,W,41,N,NW,7,15,51,10,1019,1011.6,NA,NA,15.7,30.5,No,No
2013-10-17,BadgerysCreek,11.3,33.6,0,NA,NA,NW,83,N,NW,28,35,25,9,1005,1003.6,NA,NA,25.6,32.4,No,No
2013-10-18,BadgerysCreek,7.2,22.8,0,NA,NA,SW,35,SW,E,13,17,31,34,1026,1023.9,NA,NA,16.3,21.6,No,No
2013-10-19,BadgerysCreek,6.4,25.8,0,NA,NA,ENE,33,NA,ESE,0,9,71,25,1028.2,1023,NA,NA,14.3,25,No,No
2013-10-20,BadgerysCreek,9.6,31.1,0,NA,NA,ENE,28,S,NNE,2,9,65,28,1021.5,1015.5,NA,NA,18.5,29.7,No,No
2013-10-21,BadgerysCreek,11.4,36.1,0,NA,NA,NE,20,NW,NE,4,7,63,17,1016.3,1011,NA,NA,20,35.3,No,No
2013-10-22,BadgerysCreek,18.1,25.4,0,NA,NA,SSW,26,SSW,N,7,6,65,70,1015.8,1012.2,NA,NA,21.7,22.5,No,Yes
2013-10-23,BadgerysCreek,18.6,31.8,5.8,NA,NA,W,65,NNE,W,9,33,61,17,1005,1003.4,NA,NA,25.1,30.6,Yes,No
2013-10-24,BadgerysCreek,11.1,23.4,0,NA,NA,SSW,57,W,SW,20,37,37,20,1012.2,1013.9,NA,NA,18.7,20.8,No,No
2013-10-25,BadgerysCreek,5.8,23.9,0,NA,NA,ENE,24,WNW,WNW,6,4,36,17,1023.3,1018.2,NA,NA,15.3,23.3,No,No
2013-10-26,BadgerysCreek,8.8,24.9,0,NA,NA,ESE,37,SW,ENE,26,9,36,21,1021.3,1017.8,NA,NA,16.6,24.4,No,No
2013-10-27,BadgerysCreek,9.5,25.4,0,NA,NA,SE,39,E,SE,2,22,68,45,1022.7,1019.3,NA,NA,16,22.8,No,No
2013-10-28,BadgerysCreek,14.3,25.9,0,NA,NA,E,30,S,E,4,15,77,48,1019.6,1013.5,NA,NA,18,24.7,No,No
2013-10-29,BadgerysCreek,11.9,28.3,0,NA,NA,S,59,N,S,4,31,74,54,1007,1008.3,NA,NA,18.5,19.9,No,No
2013-10-30,BadgerysCreek,10.7,23.4,0,NA,NA,E,31,SW,E,17,20,51,40,1019.9,1016.9,NA,NA,16.6,22.5,No,No
2013-10-31,BadgerysCreek,12.9,26.5,0,NA,NA,ESE,43,NNE,ESE,7,22,58,41,1021.8,1017.7,NA,NA,18.6,25.3,No,No
2013-11-01,BadgerysCreek,15.6,26.9,0,NA,NA,E,31,NNE,E,4,13,71,44,1023.8,1018.6,NA,NA,17.6,26,No,No
2013-11-02,BadgerysCreek,11.4,33.8,0,NA,NA,SW,31,WSW,S,2,7,69,15,1017.9,1011.7,NA,NA,19.9,32.8,No,No
2013-11-03,BadgerysCreek,13.1,35.4,0,NA,NA,SW,67,N,W,7,37,36,7,1010.5,1006.6,NA,NA,24.2,33.3,No,No
2013-11-04,BadgerysCreek,8.9,20.9,0,NA,NA,ESE,43,SSW,SE,28,26,30,32,1022.9,1022.9,NA,NA,15.2,19.4,No,No
2013-11-05,BadgerysCreek,10,21.9,0,NA,NA,ESE,30,SW,ESE,19,11,53,39,1028,1025.6,NA,NA,15.7,20.4,No,No
2013-11-06,BadgerysCreek,6.5,27.3,0,NA,NA,ENE,33,NNW,ENE,6,11,63,29,1024,1017.4,NA,NA,16.2,26.9,No,No
2013-11-07,BadgerysCreek,10.2,34.4,0,NA,NA,NE,35,NA,NE,0,9,62,20,1016.8,1010.8,NA,NA,19.6,33.2,No,No
2013-11-08,BadgerysCreek,13.3,38.1,0,NA,NA,SW,63,N,NNE,4,11,46,16,1011.1,1004.8,NA,NA,23.6,36.5,No,No
2013-11-09,BadgerysCreek,18.1,34,0.2,NA,NA,NW,52,WNW,NW,17,26,42,16,1006.5,1005.7,NA,NA,26.7,32.5,No,No
2013-11-10,BadgerysCreek,14.9,17.7,0,NA,NA,S,33,S,SSE,15,9,67,80,1017.7,1017.5,NA,NA,16.8,16.2,No,Yes
2013-11-11,BadgerysCreek,12.8,17.3,47,NA,NA,S,39,SSW,S,9,20,96,90,1019.6,1017.1,NA,NA,13.9,15.4,Yes,Yes
2013-11-12,BadgerysCreek,13.7,22.8,31,NA,NA,NNE,26,S,NE,6,17,86,73,1012.7,1010.3,NA,NA,17.2,19.4,Yes,Yes
2013-11-13,BadgerysCreek,11.2,28.8,7.4,NA,NA,W,41,N,WNW,4,19,65,24,1014.5,1010.5,NA,NA,19.3,28.2,Yes,No
2013-11-14,BadgerysCreek,12,29.1,0,NA,NA,E,33,NNW,S,7,11,36,25,1014.1,1010.2,NA,NA,20.9,27.4,No,No
2013-11-15,BadgerysCreek,12.8,25.1,0,NA,NA,E,41,WSW,ESE,4,20,64,59,1015.9,1014,NA,NA,19.6,21.2,No,Yes
2013-11-16,BadgerysCreek,13.7,22.3,3,NA,NA,SSE,43,S,SE,15,20,77,55,1016.4,1013.9,NA,NA,17,21.4,Yes,Yes
2013-11-17,BadgerysCreek,13.8,17.6,4.2,NA,NA,SSW,33,S,SW,19,15,75,81,1016.1,1015.2,NA,NA,15.8,16.6,Yes,Yes
2013-11-18,BadgerysCreek,13.9,20.5,6.4,NA,NA,SSW,50,SSW,SSW,24,20,67,92,1014.4,1011.6,NA,NA,16.9,16.1,Yes,Yes
2013-11-19,BadgerysCreek,15,25.5,18,NA,NA,WSW,26,SW,ENE,15,15,68,54,1011.8,1009.7,NA,NA,20,24.8,Yes,No
2013-11-20,BadgerysCreek,13.3,29.4,0,NA,NA,E,31,NE,E,2,7,75,37,1012.4,1009.4,NA,NA,19.8,28.7,No,No
2013-11-21,BadgerysCreek,15.5,28.6,0,NA,NA,E,35,N,ENE,9,17,77,52,1012.9,1008.9,NA,NA,21,27.4,No,Yes
2013-11-22,BadgerysCreek,18.5,25.9,2.6,NA,NA,NNE,37,NNE,SW,6,20,90,84,1010,1006.6,NA,NA,19.6,19.6,Yes,Yes
2013-11-23,BadgerysCreek,17,24.9,42.4,NA,NA,NE,30,NA,ENE,0,15,90,68,1005.8,1002.6,NA,NA,19.3,23.3,Yes,No
2013-11-24,BadgerysCreek,12.6,25.5,0.2,NA,NA,ENE,31,SE,E,4,19,64,53,1006.4,1004.2,NA,NA,19.2,23.4,No,No
2013-11-25,BadgerysCreek,14.7,23.7,0,NA,NA,S,52,ENE,S,2,26,60,77,1008.1,1009.5,NA,NA,19.9,17.5,No,No
2013-11-26,BadgerysCreek,11.4,22.8,0,NA,NA,SSE,28,SW,S,17,6,61,45,1017.3,1015.8,NA,NA,16.9,22,No,No
2013-11-27,BadgerysCreek,9.6,27.2,0,NA,NA,E,28,NW,SE,4,6,55,34,1018.1,1013.7,NA,NA,18.3,26.2,No,No
2013-11-28,BadgerysCreek,12.1,34.6,0,NA,NA,NNE,22,N,NE,6,13,73,24,1011.8,1003.8,NA,NA,18.7,33,No,No
2013-11-29,BadgerysCreek,18.6,20.6,0,NA,NA,SSE,35,E,SSE,4,13,75,74,1006.3,1008.6,NA,NA,20.1,17.1,No,No
2013-11-30,BadgerysCreek,13.9,22.3,0.8,NA,NA,SE,30,SSW,ESE,11,15,61,52,1019.1,1018.9,NA,NA,17.2,20.8,No,No
2013-12-01,BadgerysCreek,11.3,23.8,0,NA,NA,ESE,28,W,ESE,4,11,60,54,1025.2,1023.7,NA,NA,19.1,22.3,No,No
2013-12-02,BadgerysCreek,15.3,27.3,0,NA,NA,NE,26,N,ENE,9,9,68,37,1022.6,1018.7,NA,NA,18.7,24.9,No,No
2013-12-03,BadgerysCreek,11,30.7,0,NA,NA,ESE,28,N,NE,6,11,72,26,1017.5,1012,NA,NA,18.7,29.8,No,No
2013-12-04,BadgerysCreek,13.1,35.5,0,NA,NA,N,26,NA,NW,0,4,72,31,1006.3,999.8,NA,NA,21.1,32.1,No,Yes
2013-12-05,BadgerysCreek,18.2,25.2,3.6,NA,NA,W,93,WSW,W,19,56,71,63,997.3,999.7,NA,NA,19.3,14,Yes,No
2013-12-06,BadgerysCreek,10.3,24.9,0,NA,NA,W,57,WSW,SW,17,17,41,24,1011.8,1012.2,NA,NA,16.6,23,No,No
2013-12-07,BadgerysCreek,8.9,26.6,0,NA,NA,E,31,N,NNE,2,9,51,29,1020.6,1017.5,NA,NA,18.1,25.7,No,No
2013-12-08,BadgerysCreek,12,30.5,0,NA,NA,NNE,28,NNW,NE,4,11,66,35,1019.3,1012.2,NA,NA,20.2,29.5,No,No
2013-12-09,BadgerysCreek,16.2,31.7,0,NA,NA,NNW,33,NA,SW,0,6,57,46,1009.4,1003.1,NA,NA,23.6,29.9,No,No
2013-12-10,BadgerysCreek,22,33.4,0,NA,NA,NW,50,NNW,NW,15,26,42,18,1002.4,1002.5,NA,NA,27.3,32.2,No,No
2013-12-11,BadgerysCreek,13.7,31.3,0,NA,NA,WSW,41,S,W,6,26,50,21,1009.7,1004.2,NA,NA,21.7,30.3,No,No
2013-12-12,BadgerysCreek,13.9,28.7,0,NA,NA,ENE,33,SW,E,7,20,65,45,1012.1,1008.4,NA,NA,21.9,27.8,No,No
2013-12-13,BadgerysCreek,14.7,31.9,0,NA,NA,E,35,ENE,ESE,4,20,66,41,1012.5,1008.5,NA,NA,22.4,30.4,No,No
2013-12-14,BadgerysCreek,18,25.9,0,NA,NA,S,35,S,SE,20,20,59,53,1015.3,1014.3,NA,NA,22.8,24.9,No,No
2013-12-15,BadgerysCreek,16.3,27,0,NA,NA,E,35,E,E,2,17,71,55,1018.6,1016.1,NA,NA,21.2,25.5,No,No
2013-12-16,BadgerysCreek,17.4,27.1,0,NA,NA,ENE,31,NNE,E,9,17,78,53,1020.4,1018.3,NA,NA,20.5,26.2,No,No
2013-12-17,BadgerysCreek,14.5,30.7,0,NA,NA,ESE,33,N,ENE,6,11,64,34,1021.7,1018.2,NA,NA,22,29,No,No
2013-12-18,BadgerysCreek,16.5,29.5,0,NA,NA,E,33,NNW,E,4,19,71,44,1024.1,1021.6,NA,NA,21.7,28.2,No,No
2013-12-19,BadgerysCreek,14.1,33.1,0,NA,NA,E,30,NNE,ENE,6,11,66,29,1022.4,1017.1,NA,NA,21.7,32.3,No,No
2013-12-20,BadgerysCreek,16.9,40.6,0,NA,NA,ENE,28,N,N,9,9,67,18,1016.3,1011,NA,NA,24.9,38.4,No,No
2013-12-21,BadgerysCreek,22,30.7,0,NA,NA,ESE,35,SSE,ENE,11,19,60,51,1016.3,1014.7,NA,NA,24.9,28,No,No
2013-12-22,BadgerysCreek,17.7,41,0,NA,NA,NE,37,N,N,11,4,67,28,1012.6,1007.4,NA,NA,25.1,38.6,No,No
2013-12-23,BadgerysCreek,21.3,37,0,NA,NA,SSE,35,E,N,2,11,65,23,1007.1,1003.8,NA,NA,26.6,36.5,No,No
2013-12-24,BadgerysCreek,18.1,21.4,0,NA,NA,ESE,24,SSE,ESE,9,13,67,65,1018.6,1018.6,NA,NA,19.6,20.3,No,No
2013-12-25,BadgerysCreek,16.9,21.9,0,NA,NA,ENE,19,NA,ESE,0,2,82,92,1019.2,1016.3,NA,NA,18.7,19.7,No,Yes
2013-12-26,BadgerysCreek,18.3,28.4,17.8,NA,NA,ENE,33,SSW,E,13,17,76,52,1012.8,1009.4,NA,NA,21.8,28,Yes,Yes
2013-12-27,BadgerysCreek,14.9,27.1,7.2,NA,NA,E,31,NA,E,0,20,72,60,1012.6,1009.9,NA,NA,20.5,26.1,Yes,No
2013-12-28,BadgerysCreek,15.9,30.4,0.2,NA,NA,ENE,30,NNE,NNE,11,11,77,48,1012.2,1006.4,NA,NA,21,29.2,No,No
2013-12-29,BadgerysCreek,16.6,25.5,0,NA,NA,S,41,S,SE,19,20,55,37,1010,1012.2,NA,NA,22,24.1,No,No
2013-12-30,BadgerysCreek,17.1,28.8,0,NA,NA,E,35,NNE,NNE,4,7,57,38,1015.5,1010.3,NA,NA,20.6,27.8,No,No
2013-12-31,BadgerysCreek,13.7,30.9,0,NA,NA,E,43,WSW,E,4,20,63,40,1013.1,1009.6,NA,NA,21,30.4,No,No
2014-01-01,BadgerysCreek,18.1,31.2,0,NA,NA,NNE,35,N,ESE,19,15,69,46,1014.5,1010,NA,NA,22.9,29.8,No,No
2014-01-02,BadgerysCreek,19.6,35.6,0,NA,NA,W,50,NE,WSW,2,24,62,28,1003.8,1002.3,NA,NA,26.1,34.1,No,Yes
2014-01-03,BadgerysCreek,19.6,31.9,1.6,NA,NA,ESE,31,NA,NE,0,15,79,42,1005.8,998.5,NA,NA,21,30.5,Yes,No
2014-01-04,BadgerysCreek,18.1,32.9,0,NA,NA,ESE,41,SSW,ESE,4,24,66,46,1003.3,1000.9,NA,NA,22.4,28.1,No,No
2014-01-05,BadgerysCreek,16.3,31.4,0,NA,NA,ENE,37,NW,NE,9,17,65,42,1010.4,1004,NA,NA,22.6,30.2,No,No
2014-01-06,BadgerysCreek,15.1,32.3,0,NA,NA,WSW,41,WSW,SW,13,20,34,10,1009.1,1007,NA,NA,24.2,31,No,No
2014-01-07,BadgerysCreek,16.8,23.1,0,NA,NA,SE,31,SSE,SE,9,15,59,48,1018.6,1018.5,NA,NA,18.4,21.2,No,No
2014-01-08,BadgerysCreek,14.9,21.3,0.2,NA,NA,S,24,SW,E,7,13,91,60,1024.2,1022,NA,NA,16,20.4,No,No
2014-01-09,BadgerysCreek,16,23.9,0,NA,NA,NNE,26,NNE,NNE,4,11,68,48,1024,1022.3,NA,NA,19.6,22.8,No,No
2014-01-10,BadgerysCreek,16.5,29.1,0,NA,NA,ENE,33,SSW,N,4,9,65,44,1022.1,1018.4,NA,NA,21.6,26.9,No,No
2014-01-11,BadgerysCreek,16.1,35.5,0,NA,NA,ESE,33,NE,ENE,6,11,67,28,1018.6,1013.2,NA,NA,23.3,34.5,No,No
2014-01-12,BadgerysCreek,17.9,31.2,0,NA,NA,E,39,SSE,ESE,2,20,71,51,1017.7,1016.2,NA,NA,23.6,29.2,No,No
2014-01-13,BadgerysCreek,16.1,29.1,0,NA,NA,E,31,SSE,E,4,17,69,42,1022.1,1019,NA,NA,21.2,27.6,No,No
2014-01-14,BadgerysCreek,14.7,33.9,0,NA,NA,ENE,35,N,NNE,13,13,62,33,1022.1,1018.1,NA,NA,22.4,32.2,No,No
2014-01-15,BadgerysCreek,16.9,37.9,0,NA,NA,E,35,NNW,ENE,4,20,73,27,1021.4,1016.3,NA,NA,23.4,36.8,No,No
2014-01-16,BadgerysCreek,16.7,36.2,0,NA,NA,ENE,31,SW,ESE,4,17,72,25,1019,1015.3,NA,NA,23.9,35.7,No,No
2014-01-17,BadgerysCreek,17,36.1,0,NA,NA,E,35,WSW,ENE,4,17,71,28,1016.6,1012.1,NA,NA,23.7,35.9,No,No
2014-01-18,BadgerysCreek,15.1,39.8,0,NA,NA,ENE,33,NE,ENE,2,11,69,22,1012.2,1007.5,NA,NA,23.6,38.7,No,No
2014-01-19,BadgerysCreek,17.2,30.7,0,NA,NA,SSE,33,SSW,ESE,17,17,70,48,1010.1,1008.1,NA,NA,23.5,30.3,No,No
2014-01-20,BadgerysCreek,19.4,28,0,NA,NA,SE,30,SSE,SE,4,19,70,65,1009.3,1007.5,NA,NA,23.5,25.1,No,Yes
2014-01-21,BadgerysCreek,18.2,24.8,5.2,NA,NA,ESE,20,SW,NE,11,6,99,76,1010.5,1007.6,NA,NA,18.8,23.7,Yes,No
2014-01-22,BadgerysCreek,18.7,21.6,0.8,NA,NA,SE,28,SE,SSE,13,15,79,66,1018.1,1020,NA,NA,20.3,21,No,No
2014-01-23,BadgerysCreek,17.4,23.9,0,NA,NA,NE,24,ENE,NE,6,15,71,59,1023.1,1020.4,NA,NA,21.5,22.8,No,No
2014-01-24,BadgerysCreek,18,29.1,0,NA,NA,NNE,31,N,NNE,7,20,83,55,1014.3,1007,NA,NA,20.9,27.4,No,Yes
2014-01-25,BadgerysCreek,15.3,25.1,4.6,NA,NA,SE,37,SE,ESE,7,20,78,46,1011.8,1014.3,NA,NA,21.5,22.8,Yes,No
2014-01-26,BadgerysCreek,15.2,21.2,0.2,NA,NA,ENE,24,SE,ENE,6,17,76,59,1023.8,1023.6,NA,NA,17.3,20.4,No,No
2014-01-27,BadgerysCreek,11.7,29.2,1,NA,NA,NE,33,W,NNE,2,11,62,38,1024.2,1020.8,NA,NA,19.8,28.4,No,No
2014-01-28,BadgerysCreek,13.9,31.9,0,NA,NA,E,37,NA,ENE,0,13,67,32,1021.5,1016.7,NA,NA,21.5,30.9,No,No
2014-01-29,BadgerysCreek,15.1,37.9,0,NA,NA,ENE,31,N,NE,6,11,68,21,1016.9,1012.2,NA,NA,22,36.1,No,No
2014-01-30,BadgerysCreek,16.7,34,0,NA,NA,E,35,NE,ENE,7,4,61,29,1019.7,1015.3,NA,NA,24.1,32.3,No,No
2014-01-31,BadgerysCreek,14.1,37.3,0,NA,NA,E,30,NNE,NE,4,9,62,20,1015,1010.6,NA,NA,22.3,35.3,No,No
2014-02-01,BadgerysCreek,18.7,32.2,0,NA,NA,ENE,31,SW,ENE,6,19,67,45,1015.3,1011.3,NA,NA,23.6,31,No,No
2014-02-02,BadgerysCreek,18.1,32.3,0,NA,NA,ENE,39,N,ENE,9,19,71,39,1015.6,1012.9,NA,NA,22.8,30.9,No,No
2014-02-03,BadgerysCreek,18.8,33.8,0,NA,NA,ESE,37,NNE,NNE,20,15,63,26,1015.5,1010.4,NA,NA,23.4,32.9,No,No
2014-02-04,BadgerysCreek,18.4,25.9,0,NA,NA,SSE,43,S,S,15,19,65,64,1017.3,1019.6,NA,NA,24.5,21.9,No,No
2014-02-05,BadgerysCreek,16,22.9,0,NA,NA,ESE,33,S,SE,11,19,56,50,1024.2,1021.9,NA,NA,19.4,21.8,No,No
2014-02-06,BadgerysCreek,16.6,25.2,0,NA,NA,ENE,26,SW,ESE,9,11,64,47,1020.4,1017,NA,NA,18.9,23.2,No,No
2014-02-07,BadgerysCreek,10.9,32,0,NA,NA,E,31,N,NE,2,9,67,27,1017.6,1013.9,NA,NA,18.1,30.9,No,No
2014-02-08,BadgerysCreek,13.8,35.4,0,NA,NA,ENE,37,SSW,NNE,4,13,70,24,1018.1,1014.6,NA,NA,20.9,33.7,No,No
2014-02-09,BadgerysCreek,15,35.5,0,NA,NA,NNW,31,SE,NE,2,13,83,24,1019,1014.1,NA,NA,21.1,34.4,No,No
2014-02-10,BadgerysCreek,17.3,29.6,0,NA,NA,SSW,31,SSW,E,15,13,68,52,1020,1016.7,NA,NA,21.3,26.7,No,No
2014-02-11,BadgerysCreek,18.6,27.1,0,NA,NA,ESE,26,S,ESE,4,13,75,59,1018.2,1014.1,NA,NA,21.1,25.8,No,Yes
2014-02-12,BadgerysCreek,20.4,27.8,5.6,NA,NA,E,31,SSW,E,4,15,95,62,1016.6,1014.7,NA,NA,21.3,27.4,Yes,Yes
2014-02-13,BadgerysCreek,19.6,31.6,1.6,NA,NA,ENE,33,N,E,6,22,78,45,1015,1009.8,NA,NA,22.7,29.9,Yes,No
2014-02-14,BadgerysCreek,19.4,26.1,0.8,NA,NA,ENE,24,NA,ESE,0,9,93,64,1008.1,1005.7,NA,NA,20,25.2,No,Yes
2014-02-15,BadgerysCreek,19.9,25,4.2,NA,NA,NNE,28,N,N,6,15,97,77,1003.5,999.1,NA,NA,20.9,24.9,Yes,Yes
2014-02-16,BadgerysCreek,20.6,24.5,5,NA,NA,NNE,41,NE,SE,4,11,91,94,999.3,1002.4,NA,NA,22.8,20.9,Yes,Yes
2014-02-17,BadgerysCreek,17.7,23.4,16.6,NA,NA,SSW,24,SW,E,13,6,81,66,1013.6,1013.1,NA,NA,19.1,22.6,Yes,No
2014-02-18,BadgerysCreek,16.1,27,0.8,NA,NA,NE,26,SE,N,4,11,88,63,1013.2,1009.1,NA,NA,19.5,25.5,No,No
2014-02-19,BadgerysCreek,19.2,23.1,0,NA,NA,NW,19,NNE,W,7,6,93,93,1004.7,1002.2,NA,NA,21.4,21.8,No,Yes
2014-02-20,BadgerysCreek,17,29.8,29.4,NA,NA,WNW,54,SSW,W,9,17,57,27,1007.6,1007.4,NA,NA,20.6,29.2,Yes,No
2014-02-21,BadgerysCreek,14.9,28.2,0,NA,NA,E,35,SW,ESE,11,15,42,40,1016,1014.9,NA,NA,19.7,25.9,No,No
2014-02-22,BadgerysCreek,17.7,26.6,0,NA,NA,E,31,S,ESE,6,11,75,52,1020.5,1018.2,NA,NA,20.2,24.9,No,No
2014-02-23,BadgerysCreek,17.4,26.4,0,NA,NA,E,28,S,ESE,9,13,72,45,1023.7,1021.2,NA,NA,20.1,24.3,No,No
2014-02-24,BadgerysCreek,17,29.6,0,NA,NA,ENE,28,WSW,N,4,9,77,41,1020.8,1017.1,NA,NA,19.4,28.9,No,No
2014-02-25,BadgerysCreek,15.4,30.8,0,NA,NA,NNE,33,NA,N,0,13,82,34,1017.8,1012.4,NA,NA,20.9,29.3,No,No
2014-02-26,BadgerysCreek,16.1,32.9,0,NA,NA,WSW,31,NA,NW,0,6,84,36,1012,1009.8,NA,NA,20.5,31.6,No,Yes
2014-02-27,BadgerysCreek,18.4,21.9,6.4,NA,NA,SSE,24,WSW,SE,9,13,90,79,1017.4,1019.1,NA,NA,19.8,20.7,Yes,Yes
2014-02-28,BadgerysCreek,16.8,19.7,1.8,NA,NA,S,20,SW,SSW,13,9,93,73,1023.3,1023,NA,NA,17.5,19.5,Yes,Yes
2014-03-01,BadgerysCreek,17,20.4,5.6,NA,NA,ENE,22,SSW,N,6,6,98,96,1020.5,1019.4,NA,NA,17.9,19.8,Yes,Yes
2014-03-02,BadgerysCreek,16.9,22.9,33,NA,NA,SE,30,S,ESE,9,4,85,76,1020.5,1020.3,NA,NA,19,21.7,Yes,No
2014-03-03,BadgerysCreek,16.2,24.7,0,NA,NA,ENE,28,SW,ENE,13,20,80,71,1025.3,1024,NA,NA,19.6,23.2,No,Yes
2014-03-04,BadgerysCreek,17.8,25.5,2,NA,NA,NNE,20,NA,NNE,0,7,90,63,1026.4,1023.4,NA,NA,19.7,24.1,Yes,No
2014-03-05,BadgerysCreek,14.8,29.1,0,NA,NA,N,26,NA,NNW,0,20,97,57,1018.6,1013.8,NA,NA,18.2,27.4,No,No
2014-03-06,BadgerysCreek,18.1,26.6,0.2,NA,NA,S,26,S,ESE,17,9,76,56,1019.1,1018,NA,NA,21.2,26,No,No
2014-03-07,BadgerysCreek,15.7,28.8,0,NA,NA,SSE,41,SSE,WNW,4,9,93,59,1020.2,1018.1,NA,NA,19.6,27.1,No,Yes
2014-03-08,BadgerysCreek,17.1,27.9,10.8,NA,NA,ESE,37,SSW,ENE,4,13,95,43,1022.6,1020.3,NA,NA,21,27.4,Yes,No
2014-03-09,BadgerysCreek,16.8,28.1,0,NA,NA,ENE,33,SSE,NE,2,13,100,48,1023.7,1019.9,NA,NA,19.2,27.1,No,No
2014-03-10,BadgerysCreek,15.8,29.4,0,NA,NA,E,30,SW,NNW,6,6,91,47,1023.5,1020.7,NA,NA,20.1,27.9,No,NA
2014-03-11,BadgerysCreek,16.1,29,NA,NA,NA,ENE,30,SSE,N,4,11,87,42,1023.7,1020.3,NA,NA,20.5,27.4,NA,No
2014-03-12,BadgerysCreek,14.5,29.3,0,NA,NA,SSE,30,NA,SSW,0,4,92,47,1018.3,1015.2,NA,NA,18.6,28.6,No,No
2014-03-13,BadgerysCreek,17.7,26.3,0.2,NA,NA,S,31,SW,ENE,9,6,78,59,1020.8,1017.8,NA,NA,19.1,24.9,No,No
2014-03-14,BadgerysCreek,16.2,28.3,0,NA,NA,E,20,SE,ESE,4,4,97,53,1018.1,1014,NA,NA,19.5,27.1,No,No
2014-03-15,BadgerysCreek,14.9,29.6,0,NA,NA,NW,78,NA,NE,0,7,92,49,1012.8,1007.9,NA,NA,18.3,28,No,Yes
2014-03-16,BadgerysCreek,15.9,27,8.4,NA,NA,W,61,NW,WNW,19,6,65,42,1005.4,1003.4,NA,NA,24,25.9,Yes,No
2014-03-17,BadgerysCreek,9.8,27.6,0,NA,NA,WSW,26,WNW,N,6,15,63,32,1016.9,1014.6,NA,NA,16.9,26.5,No,No
2014-03-18,BadgerysCreek,10.7,30.3,0,NA,NA,NNW,24,WSW,NNW,4,13,79,30,1021.1,1018.4,NA,NA,16.4,29.7,No,No
2014-03-19,BadgerysCreek,12.9,29.2,0,NA,NA,SSE,30,WSW,SE,6,19,66,52,1024.2,1023.2,NA,NA,20.1,27.3,No,Yes
2014-03-20,BadgerysCreek,17.7,28.3,3.6,NA,NA,E,31,SW,SE,2,9,90,54,1027,1023.3,NA,NA,21.2,26.9,Yes,No
2014-03-21,BadgerysCreek,18.1,27.9,0,NA,NA,NNE,30,N,NE,4,19,93,43,1022.5,1018.1,NA,NA,20.1,27.1,No,No
2014-03-22,BadgerysCreek,14.8,31.1,0,NA,NA,NW,28,NNW,N,6,13,96,43,1018.1,1013.7,NA,NA,18.8,29.2,No,Yes
2014-03-23,BadgerysCreek,17.7,28.9,2.4,NA,NA,NNE,31,NA,ENE,0,6,86,54,1017.8,1012.9,NA,NA,20.1,27.9,Yes,No
2014-03-24,BadgerysCreek,18.6,20.8,0.2,NA,NA,W,37,S,WSW,9,15,76,93,1016.8,1016.1,NA,NA,19.9,16.9,No,Yes
2014-03-25,BadgerysCreek,14.9,27.4,7.6,NA,NA,E,24,WSW,E,13,11,86,57,1019.6,1019,NA,NA,19.5,26.3,Yes,No
2014-03-26,BadgerysCreek,18.8,23.4,0,NA,NA,SE,15,SSE,SSE,4,6,97,96,1022.8,1021.3,NA,NA,19.8,21.9,No,Yes
2014-03-27,BadgerysCreek,19,20.3,11.8,NA,NA,NNE,30,NNE,N,9,6,87,83,1022.3,1020.2,NA,NA,19.4,19.4,Yes,Yes
2014-03-28,BadgerysCreek,16.4,23.4,3.4,NA,NA,N,19,W,NNW,7,2,93,76,1016.9,1013.7,NA,NA,18,22,Yes,Yes
2014-03-29,BadgerysCreek,17.9,26.9,1.6,NA,NA,SSW,24,WSW,ESE,9,7,84,55,1015.5,1014.3,NA,NA,20.8,26.2,Yes,No
2014-03-30,BadgerysCreek,17.7,26.7,0.2,NA,NA,WSW,50,SE,ENE,4,4,89,53,1020.3,1018.6,NA,NA,19.8,26.2,No,Yes
2014-03-31,BadgerysCreek,15.4,26.4,40,NA,NA,ESE,22,WSW,N,6,6,97,58,1022.4,1019.2,NA,NA,17.6,24.9,Yes,No
2014-04-01,BadgerysCreek,14.7,26.6,0.2,NA,NA,NNE,13,NA,N,0,9,98,52,1019.8,1017.3,NA,NA,17.6,25.6,No,No
2014-04-02,BadgerysCreek,15,28,0,NA,NA,N,15,SW,NE,6,6,96,54,1017.9,1014.3,NA,NA,18.2,26.6,No,No
2014-04-03,BadgerysCreek,16.1,29.1,0.2,NA,NA,S,43,NA,NNE,0,6,99,58,1017.2,1014.6,NA,NA,19.4,27.9,No,Yes
2014-04-04,BadgerysCreek,18.2,22.1,9.6,NA,NA,SSW,26,WNW,SSW,4,13,92,95,1018.3,1017.1,NA,NA,19.4,18.4,Yes,Yes
2014-04-05,BadgerysCreek,16.5,26,12,NA,NA,SSE,31,SW,SSE,4,6,96,66,1018.7,1016.3,NA,NA,18.6,25.1,Yes,Yes
2014-04-06,BadgerysCreek,16,23.3,2.6,NA,NA,S,35,SW,E,22,9,71,83,1021.2,1021.2,NA,NA,20.9,19.7,Yes,Yes
2014-04-07,BadgerysCreek,15.1,21.3,5,NA,NA,ESE,31,SW,E,13,9,66,71,1025.6,1023.9,NA,NA,19.1,20,Yes,No
2014-04-08,BadgerysCreek,15.7,24.1,0,NA,NA,NE,17,SW,N,4,7,83,57,1023.9,1019.6,NA,NA,18.6,23.4,No,No
2014-04-09,BadgerysCreek,12.5,24.4,0,NA,NA,NE,24,SW,ENE,4,7,82,56,1021.6,1017.6,NA,NA,18.3,23.4,No,No
2014-04-10,BadgerysCreek,15.5,21.2,0,NA,NA,S,9,NA,ESE,0,4,86,88,1016.9,1012.5,NA,NA,18.8,19.4,No,Yes
2014-04-11,BadgerysCreek,17.8,26,12,NA,NA,S,22,N,S,6,15,88,66,1005.9,1003.1,NA,NA,21.1,24,Yes,Yes
2014-04-12,BadgerysCreek,16.5,22.5,11.8,NA,NA,SSW,48,SW,SSW,19,26,68,64,1011.3,1012.6,NA,NA,19.9,20.6,Yes,No
2014-04-13,BadgerysCreek,14.9,22,0,NA,NA,SW,35,SW,S,20,13,67,62,1017.2,1015.8,NA,NA,19.2,20.9,No,No
2014-04-14,BadgerysCreek,10.9,21.3,0,NA,NA,S,31,SW,S,17,15,59,67,1020.6,1019,NA,NA,17.2,19.5,No,No
2014-04-15,BadgerysCreek,12.1,22,0,NA,NA,S,37,SW,SW,17,6,59,45,1020.9,1018.2,NA,NA,17.8,21.5,No,No
2014-04-16,BadgerysCreek,14.2,22.6,0,NA,NA,SW,31,SW,S,22,9,65,50,1020.1,1017.1,NA,NA,18.3,22.5,No,No
2014-04-17,BadgerysCreek,9.9,23.8,0,NA,NA,SSW,24,SW,SSE,9,11,74,39,1019.8,1017.2,NA,NA,17.2,23.3,No,No
2014-04-18,BadgerysCreek,9.9,25.4,0,NA,NA,SW,33,W,WSW,2,20,72,36,1016.5,1012,NA,NA,16.8,24.8,No,No
2014-04-19,BadgerysCreek,9.6,23.3,0,NA,NA,ESE,28,S,SE,9,15,70,50,1016.6,1014.3,NA,NA,17,20.3,No,No
2014-04-20,BadgerysCreek,8.4,23,0,NA,NA,NNE,24,SW,NNE,4,9,74,49,1018.4,1014.4,NA,NA,15.5,22.5,No,No
2014-04-21,BadgerysCreek,7.3,22.8,0,NA,NA,N,20,W,N,7,6,59,39,1021.3,1018.6,NA,NA,15.6,21.8,No,No
2014-04-22,BadgerysCreek,6.8,23.5,0,NA,NA,N,11,NA,NNE,0,6,94,50,1018.9,1015,NA,NA,12.8,23.4,No,No
2014-04-23,BadgerysCreek,8.1,25.1,0,NA,NA,NNE,15,NA,NNE,0,6,74,44,1017.8,1014.5,NA,NA,16.2,25,No,No
2014-04-24,BadgerysCreek,9.6,29.1,0,NA,NA,WNW,31,NNW,NW,2,20,74,28,1014.1,1011.2,NA,NA,16.5,28.9,No,Yes
2014-04-25,BadgerysCreek,16.5,21.2,1.8,NA,NA,NNE,20,S,ESE,7,4,83,78,1022.9,1018.9,NA,NA,17,19.8,Yes,Yes
2014-04-26,BadgerysCreek,11.3,24.5,2,NA,NA,WNW,26,NA,WNW,0,17,100,51,1015.3,1011.7,NA,NA,13.4,23.8,Yes,No
2014-04-27,BadgerysCreek,11.6,19.3,0,NA,NA,SSW,28,SSW,ESE,13,7,73,63,1023.7,1023,NA,NA,17.5,18.6,No,No
2014-04-28,BadgerysCreek,14.4,21.2,0,NA,NA,N,20,SW,N,7,13,80,63,1026,1021.6,NA,NA,16.6,21.1,No,No
2014-04-29,BadgerysCreek,11.2,25.1,0,NA,NA,N,17,N,NNE,4,7,100,55,1017.9,1013.1,NA,NA,13.7,24.7,No,Yes
2014-04-30,BadgerysCreek,13.5,22.3,1.6,NA,NA,SW,41,SW,SW,11,26,80,35,1012.6,1011.9,NA,NA,18.7,21.5,Yes,No
2014-05-01,BadgerysCreek,8,20.6,0,NA,NA,SW,20,SW,NE,11,13,67,46,1018.1,1013.4,NA,NA,13.8,19.8,No,No
2014-05-02,BadgerysCreek,9,20.6,0,NA,NA,NW,35,N,W,7,15,79,42,1007,1001.7,NA,NA,15.3,18.8,No,Yes
2014-05-03,BadgerysCreek,8.6,16.1,4,NA,NA,W,35,NA,WNW,0,6,97,62,996.8,995.3,NA,NA,10.3,13.3,Yes,Yes
2014-05-04,BadgerysCreek,10.2,19.1,1.2,NA,NA,W,57,WSW,W,22,26,52,41,1001.9,1004.7,NA,NA,16,17.3,Yes,NA
2014-05-05,BadgerysCreek,7.4,19.8,NA,NA,NA,W,30,WSW,WSW,13,13,56,36,1018.1,1016.5,NA,NA,13.4,19.1,NA,No
2014-05-06,BadgerysCreek,6.7,21.3,0,NA,NA,SW,33,N,SW,6,19,75,44,1021.7,1018.5,NA,NA,12.2,20.5,No,No
2014-05-07,BadgerysCreek,8.1,19.9,0,NA,NA,SW,33,SW,SSW,17,13,60,39,1024.4,1022.8,NA,NA,14.1,19.2,No,No
2014-05-08,BadgerysCreek,8.9,20.7,0,NA,NA,SSW,33,SW,S,19,11,60,50,1026.9,1024,NA,NA,14.3,18.6,No,No
2014-05-09,BadgerysCreek,7.8,20.8,0,NA,NA,WSW,15,SW,NNE,9,6,73,53,1026.5,1023.4,NA,NA,13.9,19.7,No,No
2014-05-10,BadgerysCreek,5.6,20.5,0,NA,NA,NNE,17,NA,NNW,0,6,100,66,1024,1019.9,NA,NA,12.1,18.5,No,No
2014-05-11,BadgerysCreek,11.3,23.1,0.4,NA,NA,SW,28,SE,ESE,4,11,82,55,1022.3,1021.7,NA,NA,16.5,21.5,No,No
2014-05-12,BadgerysCreek,9.2,22.2,0,NA,NA,S,26,SW,SE,17,11,74,49,1030.5,1028.4,NA,NA,16.4,21.4,No,No
2014-05-13,BadgerysCreek,10.5,22.2,0,NA,NA,WNW,15,NW,NNE,9,2,73,54,1030.7,1027.2,NA,NA,16.3,20.6,No,No
2014-05-14,BadgerysCreek,6.9,22.5,0,NA,NA,NNE,22,NA,NNE,0,11,100,51,1029.3,1025.5,NA,NA,13.4,21.7,No,No
2014-05-15,BadgerysCreek,5.8,22.5,0.2,NA,NA,NNW,13,NA,NNE,0,6,100,39,1028.8,1025.1,NA,NA,12.1,22.2,No,NA
2014-05-16,BadgerysCreek,5.2,24.2,NA,NA,NA,NNE,11,NNW,NNE,6,6,84,36,1029.6,1026.6,NA,NA,12.6,23.6,NA,NA
2014-05-17,BadgerysCreek,6.5,24.3,NA,NA,NA,N,17,NA,N,0,7,86,39,1030.3,1026.3,NA,NA,12.7,23.9,NA,No
2014-05-18,BadgerysCreek,6.4,22.2,0,NA,NA,SSW,9,NA,E,0,4,90,50,1028.5,1025.1,NA,NA,10.9,21.7,No,No
2014-05-19,BadgerysCreek,7.1,24.8,0,NA,NA,N,13,NA,NNE,0,6,96,46,1026.2,1022.5,NA,NA,14.6,23.1,No,No
2014-05-20,BadgerysCreek,7.9,23,0,NA,NA,NW,15,NW,NNE,4,2,96,53,1023.2,1019.6,NA,NA,12.4,22.9,No,No
2014-05-21,BadgerysCreek,7.9,24,0,NA,NA,S,17,SW,NNE,7,6,82,47,1024.9,1022.3,NA,NA,14.9,23.1,No,No
2014-05-22,BadgerysCreek,6.2,24.8,0,NA,NA,NNE,17,NNW,NNE,2,9,90,38,1023.7,1018.6,NA,NA,13.9,24.5,No,No
2014-05-23,BadgerysCreek,6.5,25.2,0,NA,NA,NNW,22,WNW,N,2,15,97,42,1018.3,1012.7,NA,NA,12.9,24.8,No,No
2014-05-24,BadgerysCreek,9.1,23.1,0,NA,NA,SSW,22,NNW,S,2,7,74,53,1015.5,1014.2,NA,NA,16.4,21.9,No,No
2014-05-25,BadgerysCreek,9.3,25.7,0,NA,NA,SW,15,SE,WNW,4,6,91,44,1018.7,1017.1,NA,NA,14.1,25.4,No,No
2014-05-26,BadgerysCreek,8.9,25.4,0,NA,NA,NE,13,W,N,4,7,88,43,1023.5,1020.5,NA,NA,15.1,24.9,No,No
2014-05-27,BadgerysCreek,10.4,23.7,0,NA,NA,WNW,37,NW,NNE,6,26,100,52,1018.2,1009.8,NA,NA,14.2,22.7,No,No
2014-05-28,BadgerysCreek,13.6,22.9,0,NA,NA,WNW,48,NNW,WNW,11,26,53,34,1013.6,1013.5,NA,NA,19.3,22.3,No,No
2014-05-29,BadgerysCreek,5.5,21.1,0,NA,NA,SE,22,NA,SE,0,9,76,56,1023.3,1022.2,NA,NA,12.9,19,No,No
2014-05-30,BadgerysCreek,12.9,20.6,0,NA,NA,WSW,17,SW,ESE,9,9,73,65,1027.1,1024.7,NA,NA,15.6,18.9,No,No
2014-05-31,BadgerysCreek,8.9,21.4,0,NA,NA,NNE,19,S,ENE,2,11,100,69,1026.7,1022.7,NA,NA,14.2,19,No,Yes
2014-06-01,BadgerysCreek,11.1,17.2,1.2,NA,NA,W,31,WNW,W,7,11,100,92,1020.5,1018.7,NA,NA,14.3,12.9,Yes,Yes
2014-06-02,BadgerysCreek,9.9,20.7,15.2,NA,NA,NW,20,NW,SSW,6,2,100,62,1017.5,1015,NA,NA,10.9,19.3,Yes,No
2014-06-03,BadgerysCreek,4.8,18.7,0.2,NA,NA,SW,31,SE,WSW,4,15,94,53,1018.4,1016.9,NA,NA,10.8,18.4,No,No
2014-06-04,BadgerysCreek,4.8,21.5,0.2,NA,NA,WSW,15,NNE,NE,6,6,86,53,1024.5,1022.9,NA,NA,10.9,20.4,No,Yes
2014-06-05,BadgerysCreek,10.9,16.6,1.4,NA,NA,W,17,WSW,S,6,6,99,98,1026.3,1024.4,NA,NA,13.8,15.7,Yes,Yes
2014-06-06,BadgerysCreek,13.3,16.9,7,NA,NA,SSW,39,SW,SSW,17,20,77,63,1027.1,1025.3,NA,NA,15.1,16.7,Yes,No
2014-06-07,BadgerysCreek,8.8,19.7,0,NA,NA,WSW,28,SW,ESE,17,7,68,56,1027.7,1024.9,NA,NA,12.6,18.5,No,No
2014-06-08,BadgerysCreek,6.9,17.6,0,NA,NA,SW,33,WSW,S,17,13,66,54,1027.2,1025.8,NA,NA,12.5,16.3,No,NA
2014-06-09,BadgerysCreek,4.8,19.1,NA,NA,NA,S,31,SW,SSE,11,11,77,71,1028.7,1028,NA,NA,11,16.7,NA,Yes
2014-06-10,BadgerysCreek,10.2,16.2,1.2,NA,NA,WSW,22,SW,WSW,11,9,98,87,1031.1,1027.7,NA,NA,12.9,15.2,Yes,Yes
2014-06-11,BadgerysCreek,6.7,NA,1.2,NA,NA,NA,NA,SW,NA,9,NA,96,NA,1026.8,NA,NA,NA,11.6,NA,Yes,NA
2014-06-12,BadgerysCreek,NA,NA,NA,NA,NA,NA,NA,NA,NA,NA,NA,NA,NA,NA,NA,NA,NA,NA,NA,NA,NA
2014-06-13,BadgerysCreek,NA,NA,NA,NA,NA,NA,NA,NA,S,NA,4,NA,82,NA,1015.2,NA,NA,NA,14.2,NA,Yes
2014-06-14,BadgerysCreek,NA,20.2,5.6,NA,NA,W,24,NA,W,0,6,100,55,1012.5,1009,NA,NA,12.5,19.9,Yes,No
2014-06-15,BadgerysCreek,5.7,17.7,0,NA,NA,WSW,56,NNW,WSW,7,30,83,51,1009.6,1009.2,NA,NA,10.9,16.8,No,No
2014-06-16,BadgerysCreek,3.4,19.7,0,NA,NA,W,28,NW,NW,2,6,91,43,1020.9,1018.4,NA,NA,8.1,19.3,No,No
2014-06-17,BadgerysCreek,7.5,18.4,0,NA,NA,SW,39,NA,SW,0,19,68,45,1023.9,1024.4,NA,NA,13.6,18.2,No,No
2014-06-18,BadgerysCreek,6.5,20.2,0,NA,NA,SW,20,SW,NE,15,2,75,48,1030.5,1027.8,NA,NA,11.6,19.3,No,No
2014-06-19,BadgerysCreek,5.1,19.5,0,NA,NA,N,13,NA,NNE,0,7,94,57,1028,1022.8,NA,NA,10.8,18.8,No,No
2014-06-20,BadgerysCreek,6.3,18.8,0,NA,NA,SW,17,NA,S,0,7,100,64,1019.7,1016,NA,NA,10.8,18.4,No,No
2014-06-21,BadgerysCreek,3.6,19.5,0,NA,NA,W,28,NA,SW,0,9,100,46,1020.7,1018.6,NA,NA,10.8,18.6,No,No
2014-06-22,BadgerysCreek,7.7,18.4,0,NA,NA,NNW,15,WSW,N,4,4,87,51,1023.2,1019.9,NA,NA,11.1,18.3,No,No
2014-06-23,BadgerysCreek,3.8,15.8,0,NA,NA,W,59,ENE,N,2,11,100,70,1015.5,1008,NA,NA,7.4,14.8,No,No
2014-06-24,BadgerysCreek,7.4,15.7,0,NA,NA,NW,61,NW,WNW,28,33,48,43,1006.9,1004.6,NA,NA,11.5,15,No,No
2014-06-25,BadgerysCreek,5.7,17.2,0,NA,NA,WSW,59,W,W,26,35,48,42,1012.6,1013.5,NA,NA,14.6,16.7,No,No
2014-06-26,BadgerysCreek,4.2,20,0,NA,NA,WSW,35,N,WSW,9,17,48,39,1019.1,1018.1,NA,NA,15.5,19.2,No,No
2014-06-27,BadgerysCreek,2.6,18.9,0,NA,NA,NNE,26,ESE,NNE,2,9,90,49,1020.9,1015,NA,NA,8.9,17.8,No,No
2014-06-28,BadgerysCreek,2.2,21.8,0,NA,NA,W,81,NA,WNW,0,30,82,32,1006.8,1000.3,NA,NA,7.8,19.5,No,No
2014-06-29,BadgerysCreek,7.8,15.4,0,NA,NA,W,69,NW,WNW,24,30,47,43,1004.9,1004.8,NA,NA,11.5,14.9,No,No
2014-06-30,BadgerysCreek,3.5,14.7,0,NA,NA,SW,50,W,WSW,13,28,57,37,1015.6,1016.3,NA,NA,11.4,14.2,No,No
2014-07-01,BadgerysCreek,2.8,18.4,0,NA,NA,SW,35,NNE,SE,2,9,69,37,1025.3,1023.8,NA,NA,9.1,16.8,No,No
2014-07-02,BadgerysCreek,2,19,0,NA,NA,WSW,19,WSW,WSW,4,4,78,36,1028,1025.2,NA,NA,8.4,18.5,No,No
2014-07-03,BadgerysCreek,-0.5,18.7,0,NA,NA,SW,13,SE,NE,2,6,100,39,1027.4,1023.1,NA,NA,5.6,18.1,No,No
2014-07-04,BadgerysCreek,-1,20.5,0,NA,NA,NW,39,NA,NW,0,19,100,25,1021.4,1016.2,NA,NA,6.4,20.1,No,No
2014-07-05,BadgerysCreek,0.8,17.2,0,NA,NA,WSW,41,ESE,WSW,6,26,77,41,1016.1,1012.7,NA,NA,8.5,16.4,No,No
2014-07-06,BadgerysCreek,1.8,16.9,0,NA,NA,WSW,43,N,WSW,4,26,71,45,1014.1,1011.5,NA,NA,9.8,15.3,No,No
2014-07-07,BadgerysCreek,0.6,17.6,0,NA,NA,WSW,37,N,SW,6,26,72,46,1014.9,1012.8,NA,NA,9.6,16.3,No,No
2014-07-08,BadgerysCreek,1.1,18.4,0,NA,NA,SW,17,WNW,NNW,4,4,83,31,1016.7,1012,NA,NA,7.4,17.6,No,No
2014-07-09,BadgerysCreek,-1.5,21,0,NA,NA,WNW,69,SW,N,2,26,100,23,1007.5,998.4,NA,NA,4.3,20.4,No,No
2014-07-10,BadgerysCreek,3.3,16.7,0,NA,NA,WSW,54,NNW,WSW,6,33,59,38,1006.3,1006.4,NA,NA,10.8,15.4,No,No
2014-07-11,BadgerysCreek,4,17.1,0,NA,NA,WSW,31,NE,WSW,6,13,66,38,1017.6,1016.3,NA,NA,10.3,16.3,No,No
2014-07-12,BadgerysCreek,-0.9,17.4,0,NA,NA,W,48,N,W,6,17,76,39,1019.7,1017.5,NA,NA,6.6,16.8,No,No
2014-07-13,BadgerysCreek,4.2,15.4,0,NA,NA,WSW,37,SW,SSE,22,13,54,39,1027.9,1027.2,NA,NA,9.5,15,No,No
2014-07-14,BadgerysCreek,1.9,17.8,0,NA,NA,WSW,22,WSW,ESE,11,9,62,53,1032.1,1029,NA,NA,10.1,16.2,No,No
2014-07-15,BadgerysCreek,7.5,14.1,0,NA,NA,ENE,11,NA,NNE,0,6,100,78,1025.6,1021.3,NA,NA,9.5,13.9,No,No
2014-07-16,BadgerysCreek,8.6,17.4,1,NA,NA,W,33,WSW,W,7,22,100,53,1014.1,1011.2,NA,NA,10.2,16.2,No,No
2014-07-17,BadgerysCreek,2.6,18.6,0.6,NA,NA,WNW,61,NNW,NW,9,35,67,40,1012.6,1009.2,NA,NA,12.4,16.9,No,No
2014-07-18,BadgerysCreek,3.3,14.8,0.6,NA,NA,SW,52,WSW,WSW,19,33,53,41,1011.9,1012.4,NA,NA,10.2,13.9,No,No
2014-07-19,BadgerysCreek,6.3,15.9,0,NA,NA,SW,50,SW,SSW,30,30,50,45,1021.7,1021.8,NA,NA,11,15,No,No
2014-07-20,BadgerysCreek,7.8,17.2,0,NA,NA,SW,31,SW,SE,20,6,60,49,1026,1024.7,NA,NA,12.4,16.1,No,No
2014-07-21,BadgerysCreek,3.1,17.8,0,NA,NA,E,17,SW,NE,6,2,84,48,1027,1023.1,NA,NA,8.7,16.5,No,No
2014-07-22,BadgerysCreek,3.4,19,0,NA,NA,ENE,19,SW,NNW,6,4,100,44,1024.9,1021.9,NA,NA,9.4,18.8,No,No
2014-07-23,BadgerysCreek,3,18,0,NA,NA,NNE,20,NNE,ENE,4,9,100,49,1025.5,1021.3,NA,NA,9.2,17.5,No,No
2014-07-24,BadgerysCreek,3.7,15.9,0,NA,NA,N,15,NA,N,0,7,100,67,1022.9,1019,NA,NA,9.2,15.3,No,No
2014-07-25,BadgerysCreek,2.9,21.8,0,NA,NA,N,44,NNW,N,6,22,100,48,1022.8,1019.1,NA,NA,5.8,20.8,No,Yes
2014-07-26,BadgerysCreek,5.7,18.5,4,NA,NA,W,59,NNE,WNW,9,6,100,58,1023.6,1020.5,NA,NA,10.6,17.6,Yes,Yes
2014-07-27,BadgerysCreek,3.6,19.5,2.2,NA,NA,WSW,26,N,SW,2,11,84,41,1024.7,1021.2,NA,NA,10.8,19.1,Yes,No
2014-07-28,BadgerysCreek,4.4,17.7,0,NA,NA,WNW,22,WNW,N,13,9,69,48,1021.5,1018.1,NA,NA,11.4,16.3,No,No
2014-07-29,BadgerysCreek,6.9,22.6,0,NA,NA,NNW,43,NNE,WNW,13,24,69,27,1018,1012.8,NA,NA,11.9,22.4,No,No
2014-07-30,BadgerysCreek,5.6,22.9,0,NA,NA,W,37,WNW,WNW,11,20,51,36,1018.1,1014.9,NA,NA,17.3,22.1,No,No
2014-07-31,BadgerysCreek,7.8,24.6,0,NA,NA,NW,59,NNE,WNW,7,20,61,23,1014.1,1007.5,NA,NA,14.3,23.8,No,No
2014-08-01,BadgerysCreek,11.6,18,0,NA,NA,W,61,NW,W,19,30,46,28,1007.5,1008.9,NA,NA,16.2,15.5,No,No
2014-08-02,BadgerysCreek,2.4,15.6,0,NA,NA,SW,39,WSW,SSE,15,9,48,33,1025.1,1026.5,NA,NA,9.9,15,No,No
2014-08-03,BadgerysCreek,2.4,16.6,0,NA,NA,SW,19,SW,NE,9,6,66,39,1034.3,1031.7,NA,NA,8.7,16.1,No,No
2014-08-04,BadgerysCreek,1.6,19,0,NA,NA,NNE,28,NA,NE,0,9,87,48,1034.4,1029.8,NA,NA,8.7,17.9,No,No
2014-08-05,BadgerysCreek,1.4,20,0,NA,NA,SSW,28,SSW,SSW,4,15,100,24,1032,1029.2,NA,NA,8.1,19.2,No,No
2014-08-06,BadgerysCreek,-0.4,20.9,0,NA,NA,WSW,22,WNW,N,6,7,77,36,1032.8,1025.9,NA,NA,8.3,20.3,No,No
2014-08-07,BadgerysCreek,1.6,19.3,0,NA,NA,SW,30,SW,S,19,2,56,33,1029.9,1027.2,NA,NA,12,19.2,No,No
2014-08-08,BadgerysCreek,2.3,18.4,0,NA,NA,E,22,WSW,NNE,6,9,83,54,1032.2,1029.3,NA,NA,9.3,17.8,No,No
2014-08-09,BadgerysCreek,2.4,21.3,0,NA,NA,ENE,13,NNW,NE,2,4,100,37,1029.9,1024.4,NA,NA,8.6,20.6,No,No
2014-08-10,BadgerysCreek,4.5,22.6,0,NA,NA,WSW,35,WNW,W,6,20,79,28,1022.5,1017.9,NA,NA,9.6,21.2,No,No
2014-08-11,BadgerysCreek,1.6,14.7,0,NA,NA,SSW,33,SW,E,9,7,54,38,1025.9,1024.6,NA,NA,9.7,13.6,No,No
2014-08-12,BadgerysCreek,4.7,14.4,0,NA,NA,SSW,31,SW,S,11,20,64,66,1030.4,1028.6,NA,NA,9.6,12.3,No,Yes
2014-08-13,BadgerysCreek,5.1,17.1,2.2,NA,NA,SSW,26,SW,S,19,6,65,38,1033.8,1031.3,NA,NA,10.7,15.9,Yes,No
2014-08-14,BadgerysCreek,0.9,18.3,0,NA,NA,NNW,22,WSW,ENE,4,7,69,41,1035.4,1032,NA,NA,9.4,17.9,No,No
2014-08-15,BadgerysCreek,3.8,19.1,0,NA,NA,E,26,SW,NE,6,7,85,42,1031.5,1025.9,NA,NA,11.3,18.4,No,No
2014-08-16,BadgerysCreek,5.4,17.3,0,NA,NA,ESE,20,SSW,E,7,13,100,65,1023.9,1018.8,NA,NA,10.6,16.7,No,Yes
2014-08-17,BadgerysCreek,10.6,16.1,27,NA,NA,WSW,35,NA,W,0,13,100,100,1010.6,1004.9,NA,NA,13,13.7,Yes,Yes
2014-08-18,BadgerysCreek,10.7,15.8,44.2,NA,NA,SSW,54,SSW,SSW,31,30,99,71,1004.1,1006.3,NA,NA,12.4,15.1,Yes,Yes
2014-08-19,BadgerysCreek,11.5,17.5,18.4,NA,NA,SW,61,SW,SSE,22,26,75,75,1016.4,1017.3,NA,NA,14.2,13.4,Yes,Yes
2014-08-20,BadgerysCreek,8.6,16.9,1.2,NA,NA,SW,35,SSW,ESE,19,15,65,55,1025.5,1024.1,NA,NA,12.5,15.5,Yes,No
2014-08-21,BadgerysCreek,5.5,17,0,NA,NA,SE,28,SW,SE,11,15,80,61,1029.5,1027,NA,NA,12.3,16.5,No,No
2014-08-22,BadgerysCreek,9.9,19.2,0,NA,NA,S,22,SSW,SW,11,4,75,53,1032,1028.6,NA,NA,14.6,18.6,No,No
2014-08-23,BadgerysCreek,8,18.4,0.2,NA,NA,ESE,26,NA,ESE,0,9,88,83,1031.4,1029,NA,NA,14.8,14.7,No,Yes
2014-08-24,BadgerysCreek,7.5,20.1,5,NA,NA,ENE,19,SSW,N,2,4,100,52,1030.1,1026,NA,NA,12.3,19.7,Yes,No
2014-08-25,BadgerysCreek,6.9,21.1,0,NA,NA,E,28,W,E,4,15,89,62,1025.9,1021.7,NA,NA,13.4,18.2,No,Yes
2014-08-26,BadgerysCreek,8.9,14.7,7.4,NA,NA,SSW,30,SSE,S,7,11,100,94,1023.9,1023,NA,NA,12.8,14.4,Yes,Yes
2014-08-27,BadgerysCreek,11.5,17.5,28.4,NA,NA,S,48,SSW,S,13,28,95,73,1026.3,1024.4,NA,NA,13.4,15.4,Yes,Yes
2014-08-28,BadgerysCreek,9.9,18.6,1.6,NA,NA,SSE,39,SW,S,15,13,85,69,1027.4,1026.2,NA,NA,14.1,16.1,Yes,No
2014-08-29,BadgerysCreek,7.8,17.1,0.2,NA,NA,S,39,SW,SSW,15,20,72,61,1027.3,1024.1,NA,NA,13.9,16.8,No,No
2014-08-30,BadgerysCreek,9.9,17,0,NA,NA,SW,37,SW,SW,22,19,68,68,1024.2,1022,NA,NA,14.3,16.5,No,No
2014-08-31,BadgerysCreek,9.7,21.9,0,NA,NA,E,26,SW,S,15,7,71,45,1021.4,1016.7,NA,NA,14.8,20.6,No,No
2014-09-01,BadgerysCreek,6.7,22.9,0,NA,NA,WNW,30,WSW,NNE,4,11,84,44,1017,1010.4,NA,NA,13.2,22.8,No,No
2014-09-02,BadgerysCreek,12.4,16.8,0,NA,NA,SW,56,WSW,SW,13,24,57,52,1009,1008.2,NA,NA,16.1,15,No,Yes
2014-09-03,BadgerysCreek,8.3,17.1,2.4,NA,NA,SW,59,SSW,SSW,31,26,52,44,1014.3,1012.5,NA,NA,12.4,15.5,Yes,No
2014-09-04,BadgerysCreek,7.2,17.2,0,NA,NA,SW,46,SSW,S,28,20,54,45,1016.5,1015.1,NA,NA,13.6,15.7,No,No
2014-09-05,BadgerysCreek,8.7,17,0,NA,NA,SSW,41,SSW,S,22,15,63,68,1022.2,1022.1,NA,NA,13.7,15.1,No,Yes
2014-09-06,BadgerysCreek,8.4,16.9,1.4,NA,NA,SE,31,SW,SE,11,19,73,59,1029.6,1028.3,NA,NA,14,15.9,Yes,Yes
2014-09-07,BadgerysCreek,10.3,17.5,1.2,NA,NA,SW,17,SW,N,11,9,81,85,1032,1028,NA,NA,13.4,14.9,Yes,Yes
2014-09-08,BadgerysCreek,7.4,20,2,NA,NA,NNE,33,NA,NNE,0,15,92,54,1029.4,1023.5,NA,NA,14.4,19.3,Yes,No
2014-09-09,BadgerysCreek,5.7,24.4,0,NA,NA,N,35,NNW,N,6,20,100,48,1018.9,1012.1,NA,NA,11.1,23.4,No,Yes
2014-09-10,BadgerysCreek,11.1,22.6,8,NA,NA,WSW,48,NW,W,4,31,73,38,1007.6,1009.5,NA,NA,16.3,21.3,Yes,No
2014-09-11,BadgerysCreek,6.8,25.1,0,NA,NA,WSW,35,N,NNE,9,9,66,38,1016.7,1013.5,NA,NA,15.7,23.6,No,No
2014-09-12,BadgerysCreek,10.9,16.4,0,NA,NA,SE,17,SW,SE,6,11,77,61,1025.8,1023.9,NA,NA,13.8,15.7,No,No
2014-09-13,BadgerysCreek,11.7,20.1,0,NA,NA,ENE,28,SW,E,4,17,77,63,1027,1022.3,NA,NA,14.8,19,No,No
2014-09-14,BadgerysCreek,9.1,25,0,NA,NA,E,31,E,ENE,2,7,100,40,1020.4,1015.3,NA,NA,14.4,23.9,No,No
2014-09-15,BadgerysCreek,9.8,22,0,NA,NA,E,28,NNW,SE,4,6,71,43,1018.5,1014,NA,NA,16.9,21.6,No,No
2014-09-16,BadgerysCreek,11.8,23.6,0,NA,NA,WNW,43,W,WNW,4,13,88,48,1010.7,1005.9,NA,NA,15.1,21.7,No,No
2014-09-17,BadgerysCreek,9.1,20.4,0.4,NA,NA,SW,61,WSW,W,28,28,42,33,1012.7,1010.6,NA,NA,16.9,19.6,No,No
2014-09-18,BadgerysCreek,6.2,19.7,0,NA,NA,WSW,30,WSW,SE,20,13,36,27,1018.9,1016.2,NA,NA,14.3,18.6,No,No
2014-09-19,BadgerysCreek,3.2,20.6,0,NA,NA,E,26,SW,NE,6,9,60,30,1022.2,1018,NA,NA,13,19,No,No
2014-09-20,BadgerysCreek,3.6,20.1,0,NA,NA,E,30,S,ESE,7,15,50,48,1024.5,1022.8,NA,NA,15.2,18.6,No,No
2014-09-21,BadgerysCreek,7.8,20.9,0,NA,NA,E,30,SSW,N,13,7,66,42,1030.8,1026.5,NA,NA,14.4,20.3,No,No
2014-09-22,BadgerysCreek,9.5,21.4,0,NA,NA,ENE,26,E,N,4,6,65,36,1032.2,1028,NA,NA,17.6,21.1,No,No
2014-09-23,BadgerysCreek,5.6,23.1,0,NA,NA,E,28,S,NE,2,11,73,34,1030.2,1025.1,NA,NA,15,22.7,No,No
2014-09-24,BadgerysCreek,7.4,26.3,0,NA,NA,N,22,W,NE,2,11,76,34,1022.8,1015.8,NA,NA,16.1,25.4,No,No
2014-09-25,BadgerysCreek,13.7,21.4,0.4,NA,NA,ESE,41,NNE,SSE,9,4,77,84,1011.8,1009.7,NA,NA,18,18.2,No,Yes
2014-09-26,BadgerysCreek,8.9,20.8,5,NA,NA,ENE,26,SW,NNE,13,11,69,50,1018.3,1015,NA,NA,16.9,20.4,Yes,No
2014-09-27,BadgerysCreek,10.7,21.9,0,NA,NA,E,24,SSW,ENE,9,17,59,48,1021.3,1018.4,NA,NA,17.3,20.6,No,No
2014-09-28,BadgerysCreek,6.7,25.8,0,NA,NA,NNE,30,N,NNE,4,17,71,33,1021.8,1015,NA,NA,15.9,25.5,No,No
2014-09-29,BadgerysCreek,8.6,31.4,0,NA,NA,WNW,37,N,NW,7,15,50,20,1014.6,1011,NA,NA,21,31.1,No,No
2014-09-30,BadgerysCreek,10.1,33.5,0,NA,NA,WNW,63,NNE,WNW,7,33,56,17,1013.4,1007.1,NA,NA,21.2,32.9,No,No
2014-10-01,BadgerysCreek,13.7,20.9,0,NA,NA,WSW,61,SW,SSW,44,19,26,21,1017.7,1017.7,NA,NA,16.2,20,No,No
2014-10-02,BadgerysCreek,4.8,24.4,0,NA,NA,WNW,22,N,NNE,7,9,54,28,1021.9,1016.4,NA,NA,16,23.7,No,No
2014-10-03,BadgerysCreek,7.7,22.7,0,NA,NA,E,33,NW,ESE,2,19,53,58,1021,1018.6,NA,NA,18.2,21,No,No
2014-10-04,BadgerysCreek,12.6,25.9,0,NA,NA,N,26,N,NE,13,6,72,42,1020.2,1014.7,NA,NA,18.3,25,No,No
2014-10-05,BadgerysCreek,8.2,33.3,0,NA,NA,ESE,31,N,NNE,4,4,86,19,1016.2,1012.5,NA,NA,16.1,32.6,No,No
2014-10-06,BadgerysCreek,15.7,31.8,0,NA,NA,E,26,N,NNE,4,9,73,41,1019.2,1011.3,NA,NA,18.5,28.6,No,No
2014-10-07,BadgerysCreek,16.6,27.7,0,NA,NA,WSW,61,S,E,7,13,76,24,1008.2,1007.6,NA,NA,17.8,27.5,No,NA
2014-10-08,BadgerysCreek,11.6,21.7,NA,NA,NA,NA,NA,S,ENE,11,13,74,51,1018.7,1017.2,NA,NA,16.3,21.1,NA,No
2014-10-09,BadgerysCreek,13.1,23.3,0,NA,NA,ENE,31,NW,ENE,4,11,65,42,1023.2,1019.2,NA,NA,17.4,22.6,No,No
2014-10-10,BadgerysCreek,8.7,26.3,0,NA,NA,E,30,S,N,4,11,77,34,1019.5,1014.3,NA,NA,15.6,25.3,No,No
2014-10-11,BadgerysCreek,9.5,30.8,0,NA,NA,ENE,33,NA,ESE,0,13,70,18,1016.8,1013.1,NA,NA,18.2,29.6,No,No
2014-10-12,BadgerysCreek,8.8,32.2,0,NA,NA,ENE,37,SSW,NNE,2,15,65,18,1017.5,1011.7,NA,NA,17.7,30.9,No,No
2014-10-13,BadgerysCreek,11,25.1,0,NA,NA,NW,50,NNE,NE,4,4,68,78,1007.6,1004.7,NA,NA,20.1,20.6,No,Yes
2014-10-14,BadgerysCreek,9.9,18.3,13.2,NA,NA,SSW,52,W,SSW,9,22,51,66,1009,1009.3,NA,NA,15,14.7,Yes,Yes
2014-10-15,BadgerysCreek,10.1,17.6,34.6,NA,NA,SW,57,SW,SW,28,26,70,54,1013,1013.7,NA,NA,11.8,15.8,Yes,No
2014-10-16,BadgerysCreek,4.8,23.9,1,NA,NA,ESE,31,NA,NNW,0,2,71,34,1018.2,1015.1,NA,NA,12.7,21.6,No,No
2014-10-17,BadgerysCreek,8.1,20.4,0,NA,NA,SE,31,SSW,SE,13,20,72,55,1024.8,1024.4,NA,NA,14.9,19.2,No,No
2014-10-18,BadgerysCreek,8.4,21.9,0,NA,NA,E,30,SW,ENE,7,7,60,39,1029.9,1026.6,NA,NA,16,20.9,No,No
2014-10-19,BadgerysCreek,7.8,27.9,0,NA,NA,NNW,22,S,NNE,2,9,71,34,1027.5,1021.9,NA,NA,15.4,27,No,No
2014-10-20,BadgerysCreek,12.6,18.7,0,NA,NA,SSE,37,S,SE,20,17,67,69,1029.2,1029.7,NA,NA,17.4,17,No,Yes
2014-10-21,BadgerysCreek,12.7,17.4,1.4,NA,NA,NE,22,SW,E,7,9,86,58,1032.7,1030.4,NA,NA,14.6,16.9,Yes,No
2014-10-22,BadgerysCreek,12.8,24.5,0,NA,NA,NNE,33,NNW,NNE,13,11,57,46,1026.8,1021,NA,NA,17.2,23.2,No,No
2014-10-23,BadgerysCreek,10.6,31.7,0,NA,NA,ESE,33,NNW,E,4,20,77,37,1018.1,1014.7,NA,NA,18.7,30.5,No,No
2014-10-24,BadgerysCreek,15.6,30.2,0,NA,NA,NNE,35,NW,NNE,2,20,75,42,1020.2,1013.4,NA,NA,20.1,29.2,No,No
2014-10-25,BadgerysCreek,13.4,33.1,0.2,NA,NA,E,31,N,E,4,22,82,51,1015.4,1012.4,NA,NA,21.3,29.7,No,No
2014-10-26,BadgerysCreek,17.7,34.8,0,NA,NA,E,33,WSW,E,2,4,78,27,1010.5,1006.6,NA,NA,21.6,34.6,No,No
2014-10-27,BadgerysCreek,17.4,32.5,0,NA,NA,W,80,N,NW,7,37,77,32,1008,1003,NA,NA,21.2,28.7,No,No
2014-10-28,BadgerysCreek,9.5,28.1,0,NA,NA,WNW,48,W,WSW,11,22,37,21,1012.4,1008.7,NA,NA,20.3,26.9,No,No
2014-10-29,BadgerysCreek,11,26.3,0,NA,NA,ENE,35,SW,E,13,20,46,45,1017.2,1014.2,NA,NA,20.2,25.1,No,No
2014-10-30,BadgerysCreek,11.3,32.2,0,NA,NA,W,26,WSW,NNW,4,7,74,24,1015.5,1011.2,NA,NA,19.6,30.5,No,NA
2014-10-31,BadgerysCreek,10.5,36.7,NA,NA,NA,NA,NA,NA,ENE,0,6,55,14,1013.6,1006.6,NA,NA,21,35.1,NA,No
2014-11-01,BadgerysCreek,18.1,35.3,0,NA,NA,WNW,70,N,NNW,17,31,41,43,1003.1,997.7,NA,NA,29.4,31.1,No,Yes
2014-11-02,BadgerysCreek,10.5,24.4,5,NA,NA,WSW,46,SW,SW,24,9,31,17,1018.3,1016.5,NA,NA,15.2,23.2,Yes,No
2014-11-03,BadgerysCreek,6.8,23.3,0,NA,NA,E,39,WNW,E,2,26,56,51,1025.3,1022.2,NA,NA,16.6,21.4,No,No
2014-11-04,BadgerysCreek,13.5,26.7,0,NA,NA,E,37,NNE,NNE,13,11,70,44,1023.8,1017.6,NA,NA,18,25.8,No,No
2014-11-05,BadgerysCreek,13.4,28.6,0,NA,NA,WSW,76,NA,ENE,0,15,85,83,1016.9,1013,NA,NA,18.6,20.1,No,Yes
2014-11-06,BadgerysCreek,12.1,23.1,22.6,NA,NA,E,31,SSW,ESE,19,15,69,56,1015.5,1013,NA,NA,17.1,22.2,Yes,No
2014-11-07,BadgerysCreek,12.2,25.1,0.2,NA,NA,E,33,NNE,E,4,20,71,52,1019.3,1018.3,NA,NA,18.1,24.1,No,No
2014-11-08,BadgerysCreek,10.4,28.7,0,NA,NA,ESE,31,NNE,ENE,9,13,80,29,1022.5,1017.4,NA,NA,17.6,28.3,No,No
2014-11-09,BadgerysCreek,12.4,28.6,0,NA,NA,SE,31,WSW,E,6,17,73,46,1018.7,1016.3,NA,NA,20.8,27.9,No,No
2014-11-10,BadgerysCreek,17,24.8,0,NA,NA,E,31,SE,E,4,15,73,65,1018.3,1016.2,NA,NA,19.9,22,No,No
2014-11-11,BadgerysCreek,15.2,22,0,NA,NA,ESE,28,SE,ESE,4,19,65,74,1020.1,1019.3,NA,NA,19,18.4,No,No
2014-11-12,BadgerysCreek,14.5,24.8,0,NA,NA,ENE,30,NA,NE,0,11,72,49,1019.5,1015,NA,NA,17.6,24.1,No,No
2014-11-13,BadgerysCreek,15.6,27.6,0,NA,NA,ESE,30,NNE,NE,9,11,74,48,1019.1,1014.4,NA,NA,18.5,26.4,No,No
2014-11-14,BadgerysCreek,14,40.5,0,NA,NA,SE,44,N,N,9,15,77,19,1012,1005.6,NA,NA,21.8,39,No,No
2014-11-15,BadgerysCreek,17.6,24.8,0,NA,NA,ESE,30,ENE,ESE,6,13,62,56,1009.3,1009.5,NA,NA,20.1,22.1,No,Yes
2014-11-16,BadgerysCreek,16.5,28.2,2.4,NA,NA,WNW,72,N,WSW,9,39,89,31,1005.1,1002.1,NA,NA,17.7,27.5,Yes,No
2014-11-17,BadgerysCreek,11.5,28.8,0.2,NA,NA,ENE,33,WSW,ENE,7,9,45,28,1013.7,1010.5,NA,NA,19.7,27.6,No,No
2014-11-18,BadgerysCreek,12.9,28.1,0,NA,NA,WSW,37,SW,ESE,15,20,48,44,1017.1,1015.1,NA,NA,22.2,26.6,No,No
2014-11-19,BadgerysCreek,15.8,26.8,0,NA,NA,E,37,ENE,NE,6,13,73,49,1021.7,1017,NA,NA,20,26.2,No,No
2014-11-20,BadgerysCreek,16,36.1,0,NA,NA,E,31,N,ENE,7,15,70,24,1014.3,1007,NA,NA,21.9,34.5,No,No
2014-11-21,BadgerysCreek,19.4,39.6,0,NA,NA,WNW,63,NNE,W,17,26,46,12,1006.9,1004,NA,NA,29.1,38.5,No,No
2014-11-22,BadgerysCreek,17,31.4,0,NA,NA,E,30,ESE,ENE,2,13,58,37,1016.2,1010,NA,NA,21.3,30.7,No,No
2014-11-23,BadgerysCreek,16.1,41.6,0,NA,NA,E,39,NA,ENE,0,15,66,27,1011.2,1006.2,NA,NA,25.5,40.6,No,No
2014-11-24,BadgerysCreek,19.8,34.7,0,NA,NA,ENE,28,ENE,ESE,2,17,79,45,1015.1,1006.7,NA,NA,22.2,31.4,No,Yes
2014-11-25,BadgerysCreek,21.8,27.5,3,NA,NA,SW,43,SW,E,30,22,40,44,1013.3,1014.7,NA,NA,23,25.8,Yes,No
2014-11-26,BadgerysCreek,17.3,26.5,0.4,NA,NA,E,31,NNE,ENE,9,17,66,53,1019.5,1015.5,NA,NA,20.2,25.8,No,No
2014-11-27,BadgerysCreek,16.5,21.3,0.2,NA,NA,S,31,SSW,S,7,11,86,78,1022.4,1022.4,NA,NA,17.3,18.2,No,No
2014-11-28,BadgerysCreek,13.1,25.7,0.4,NA,NA,E,35,ESE,NNE,4,11,58,39,1024,1020.1,NA,NA,19.7,25.1,No,No
2014-11-29,BadgerysCreek,12.9,31.5,0.2,NA,NA,E,33,N,NE,4,15,62,33,1019.5,1013.4,NA,NA,21.5,30.4,No,No
2014-11-30,BadgerysCreek,14.3,33.4,0,NA,NA,W,70,NNE,ESE,7,20,67,40,1014,1009.4,NA,NA,22.6,30,No,Yes
2014-12-01,BadgerysCreek,16.8,31.1,6.4,NA,NA,S,46,N,ENE,4,2,79,47,1011,1007.1,NA,NA,21.8,28.8,Yes,Yes
2014-12-02,BadgerysCreek,17.9,34,5.4,NA,NA,E,48,N,NNE,22,4,74,40,1011.9,1007.7,NA,NA,23.1,33,Yes,No
2014-12-03,BadgerysCreek,19,36.5,0.2,NA,NA,SSW,44,S,NE,4,9,72,36,1013,1008.2,NA,NA,24.8,34.7,No,Yes
2014-12-04,BadgerysCreek,19.4,31.6,7.4,NA,NA,SW,50,N,ENE,11,9,93,48,1012.2,1008.2,NA,NA,21.1,31.1,Yes,Yes
2014-12-05,BadgerysCreek,18.6,31.4,3.2,NA,NA,WNW,59,N,ENE,6,15,85,43,1008.1,1004.1,NA,NA,21.2,30.5,Yes,Yes
2014-12-06,BadgerysCreek,18.5,28.5,3.4,NA,NA,WNW,39,S,ENE,4,15,82,52,1007.6,1003.3,NA,NA,22.4,26.9,Yes,Yes
2014-12-07,BadgerysCreek,17.7,29.9,44,NA,NA,W,52,SE,ESE,4,17,84,53,1006.2,1002.7,NA,NA,20.5,28.5,Yes,Yes
2014-12-08,BadgerysCreek,17.7,28.7,3,NA,NA,N,35,NNW,E,7,7,89,54,1007.4,1005.7,NA,NA,20.6,26.4,Yes,No
2014-12-09,BadgerysCreek,19.7,25.4,0.8,NA,NA,ESE,28,SE,ESE,4,15,78,71,1014.9,1013.8,NA,NA,21.6,22.8,No,No
2014-12-10,BadgerysCreek,18.8,26.6,0.4,NA,NA,ENE,30,NNE,E,11,15,71,65,1014.5,1010.7,NA,NA,22.1,25.1,No,Yes
2014-12-11,BadgerysCreek,19.9,21.7,10.4,NA,NA,S,44,WSW,SSW,6,11,97,92,1005.6,1009.4,NA,NA,20.8,18.2,Yes,Yes
2014-12-12,BadgerysCreek,14,22.6,13.8,NA,NA,SSE,48,SSE,SE,24,20,61,53,1017.8,1018.2,NA,NA,19.1,20.5,Yes,No
2014-12-13,BadgerysCreek,14.3,23.3,0,NA,NA,SSE,37,SE,ESE,15,19,47,52,1018.7,1016.4,NA,NA,20.2,21.8,No,No
2014-12-14,BadgerysCreek,14.5,27.9,0,NA,NA,ENE,28,N,E,11,7,61,35,1014.1,1009.5,NA,NA,20.1,26.3,No,No
2014-12-15,BadgerysCreek,13.8,29.8,0,NA,NA,E,28,NW,E,2,13,66,41,1012.2,1009.3,NA,NA,21.1,28.9,No,No
2014-12-16,BadgerysCreek,14.9,31.2,0,NA,NA,NNE,35,NNW,ENE,4,22,72,47,1007.2,998.7,NA,NA,19.8,28.8,No,No
2014-12-17,BadgerysCreek,16.3,23.2,0,NA,NA,ESE,31,SSE,ESE,11,17,63,55,1006,1007.2,NA,NA,21.1,21.7,No,No
2014-12-18,BadgerysCreek,15.8,28.4,0,NA,NA,NE,22,WSW,N,4,9,84,56,1010.4,1004.9,NA,NA,17.9,26.4,No,No
2014-12-19,BadgerysCreek,16.5,24.5,0,NA,NA,ESE,35,SSE,E,6,17,61,47,1012.5,1012.1,NA,NA,20.1,23.6,No,No
2014-12-20,BadgerysCreek,15.6,26.8,0,NA,NA,E,35,ENE,E,6,7,57,36,1018.4,1015.2,NA,NA,20.1,25.8,No,No
2014-12-21,BadgerysCreek,13.4,30.5,0,NA,NA,E,35,NNW,ENE,4,13,66,43,1018.7,1014.5,NA,NA,20.8,29.7,No,No
2014-12-22,BadgerysCreek,16.5,33.1,0,NA,NA,NNE,54,N,E,4,20,79,51,1016.8,1013.5,NA,NA,21.8,29.2,No,Yes
2014-12-23,BadgerysCreek,19.5,27.7,4,NA,NA,NNW,35,N,N,11,11,87,86,1014.8,1012.9,NA,NA,21.8,21.4,Yes,Yes
2014-12-24,BadgerysCreek,20,25.7,3.6,NA,NA,E,30,ESE,SE,7,15,76,65,1013.1,1013.3,NA,NA,24.4,24.3,Yes,No
2014-12-25,BadgerysCreek,19.1,31.9,0,NA,NA,WNW,59,NNE,E,11,11,82,54,1011.2,1004.3,NA,NA,21.7,30.9,No,Yes
2014-12-26,BadgerysCreek,17.9,30.2,22,NA,NA,ESE,44,SW,SE,9,7,62,26,1007.8,1009.4,NA,NA,24.5,29.9,Yes,No
2014-12-27,BadgerysCreek,17.1,22.6,0,NA,NA,ESE,24,ESE,ESE,6,15,62,44,1021.4,1020.2,NA,NA,18.7,21.6,No,No
2014-12-28,BadgerysCreek,17.1,24.8,0,NA,NA,ENE,28,SW,NE,4,13,74,59,1018.9,1015.6,NA,NA,19.4,22.9,No,No
2014-12-29,BadgerysCreek,14.3,32.2,0,NA,NA,W,63,N,NNE,11,15,76,42,1009.5,1002.9,NA,NA,20.9,31.5,No,No
2014-12-30,BadgerysCreek,17.3,33.2,0,NA,NA,WSW,50,SSE,WSW,6,26,45,17,1007.1,1003.8,NA,NA,24.6,32.6,No,No
2014-12-31,BadgerysCreek,18.2,28.4,0,NA,NA,E,35,NE,ENE,6,17,62,49,1015.3,1012.9,NA,NA,21.9,27.5,No,No
2015-01-01,BadgerysCreek,17.4,34.7,0,NA,NA,ESE,33,NNE,ENE,7,9,70,40,1014.4,1010,NA,NA,23.3,33.1,No,No
2015-01-02,BadgerysCreek,21.3,30.5,0,NA,NA,E,30,SE,ESE,6,15,76,65,1018.5,1017,NA,NA,24.5,27.1,No,No
2015-01-03,BadgerysCreek,21.3,34.3,0,NA,NA,E,33,N,NE,2,19,67,44,1019.9,1015.9,NA,NA,26.4,33.3,No,No
2015-01-04,BadgerysCreek,19.3,34.8,0,NA,NA,SSE,46,NNW,SW,2,6,73,49,1015.8,1011.6,NA,NA,25.3,28.9,No,Yes
2015-01-05,BadgerysCreek,19.8,27.2,14.2,NA,NA,E,24,WSW,NNW,7,6,85,62,1019.5,1018.1,NA,NA,20.5,26.7,Yes,No
2015-01-06,BadgerysCreek,18.2,30.2,0,NA,NA,ESE,33,S,ENE,4,20,79,56,1020.8,1018.9,NA,NA,23.1,28.5,No,No
2015-01-07,BadgerysCreek,19.2,32.5,0,NA,NA,ENE,37,WNW,ENE,4,11,75,37,1020.5,1016.5,NA,NA,24.6,31.8,No,No
2015-01-08,BadgerysCreek,16.9,33.7,0,NA,NA,NA,NA,N,NNE,4,7,67,30,1015.9,1010.2,NA,NA,23.1,33.1,No,NA
2015-01-09,BadgerysCreek,20.2,35.1,NA,NA,NA,NNE,39,NW,NNE,6,7,69,37,1010.5,1006.4,NA,NA,25.5,33.3,NA,No
2015-01-10,BadgerysCreek,20.8,30.1,0,NA,NA,NW,54,SSW,NE,6,9,83,58,1010.7,1008.4,NA,NA,23.3,29.9,No,Yes
2015-01-11,BadgerysCreek,19.9,21,30.4,NA,NA,SSW,20,ESE,SSW,9,7,97,96,1013.5,1012.5,NA,NA,19.9,20.6,Yes,Yes
2015-01-12,BadgerysCreek,18.8,24.4,13.8,NA,NA,SSE,39,S,SSE,11,20,86,68,1015.5,1013.3,NA,NA,20.3,23.9,Yes,No
2015-01-13,BadgerysCreek,19,28.6,0.4,NA,NA,ENE,24,W,ENE,2,13,77,60,1010.1,1004.6,NA,NA,22.6,27.7,No,No
2015-01-14,BadgerysCreek,21.2,31.8,0.8,NA,NA,NW,39,NNW,WNW,7,20,70,41,998.8,997.6,NA,NA,26.7,31.1,No,No
2015-01-15,BadgerysCreek,21.1,30.3,0,NA,NA,ESE,33,SSW,ENE,19,19,53,54,1004.2,1002.9,NA,NA,24.8,28.4,No,No
2015-01-16,BadgerysCreek,19.2,32.5,0,NA,NA,SW,20,NNW,SE,4,4,72,32,1008.6,1005.1,NA,NA,23.3,30.1,No,No
2015-01-17,BadgerysCreek,14.3,34.8,0,NA,NA,WSW,39,NA,W,0,15,51,20,1007.8,1005.2,NA,NA,23.4,34.1,No,No
2015-01-18,BadgerysCreek,16.4,32.2,0,NA,NA,E,37,SW,ESE,7,13,73,38,1011.9,1008.7,NA,NA,22.1,31.3,No,No
2015-01-19,BadgerysCreek,18.7,19.9,0,NA,NA,S,28,S,SSE,15,13,74,68,1015.2,1015.6,NA,NA,19.8,19.6,No,Yes
2015-01-20,BadgerysCreek,16.9,25.2,1.8,NA,NA,ENE,33,ENE,NE,7,4,98,64,1014.3,1010.9,NA,NA,18.4,23.9,Yes,Yes
2015-01-21,BadgerysCreek,18.3,28.2,1.4,NA,NA,E,37,NW,NW,6,11,79,70,1011,1009.7,NA,NA,23.5,24.6,Yes,Yes
2015-01-22,BadgerysCreek,18.7,31.3,1.2,NA,NA,E,37,NNE,ENE,4,15,77,43,1014.3,1010.7,NA,NA,24.2,30,Yes,No
2015-01-23,BadgerysCreek,19.5,34.5,0.2,NA,NA,NW,43,NNE,NE,7,11,75,38,1010,1005.6,NA,NA,24.5,32.7,No,Yes
2015-01-24,BadgerysCreek,20.2,32.8,18.6,NA,NA,WNW,46,SE,ENE,4,15,87,54,1008,1003.6,NA,NA,23.9,31.3,Yes,Yes
2015-01-25,BadgerysCreek,19.4,34.9,8.6,NA,NA,SW,39,N,W,6,15,86,35,1003,1001.2,NA,NA,23.2,34.7,Yes,No
2015-01-26,BadgerysCreek,19.2,20.6,0,NA,NA,SSW,24,SSW,SSW,13,11,74,76,1013.2,1013.5,NA,NA,19.9,19.3,No,Yes
2015-01-27,BadgerysCreek,16.4,19.2,9.6,NA,NA,ESE,22,SW,SSE,9,13,99,98,1013.2,1012.4,NA,NA,17.8,18.5,Yes,Yes
2015-01-28,BadgerysCreek,16,21.4,38.8,NA,NA,SSW,43,SSW,SSE,13,19,97,68,1013.9,1013.6,NA,NA,16.2,20.3,Yes,Yes
2015-01-29,BadgerysCreek,13.9,24.1,5.2,NA,NA,SW,43,SW,SSW,20,20,56,42,1013.2,1010.5,NA,NA,17.6,22.8,Yes,No
2015-01-30,BadgerysCreek,11.9,27,0,NA,NA,SW,35,W,SW,9,19,58,33,1009.6,1005.3,NA,NA,17.9,26,No,No
2015-01-31,BadgerysCreek,12.5,28.4,0,NA,NA,ESE,30,NA,WNW,0,4,67,42,1008.1,1004.9,NA,NA,18.8,26.5,No,No
2015-02-01,BadgerysCreek,15.7,27.3,0,NA,NA,SE,31,S,SE,4,19,73,57,1009.7,1008.5,NA,NA,20.2,24.7,No,No
2015-02-02,BadgerysCreek,15.2,25.4,0.8,NA,NA,S,46,SW,SSE,20,9,69,54,1015.7,1015.2,NA,NA,18.6,24.7,No,No
2015-02-03,BadgerysCreek,14.9,25.9,0.2,NA,NA,ESE,26,S,ESE,13,13,62,45,1020.5,1016.9,NA,NA,20.2,24.4,No,No
2015-02-04,BadgerysCreek,12.8,26,0,NA,NA,ESE,26,SW,E,7,7,78,53,1015.9,1015,NA,NA,18.6,24.2,No,No
2015-02-05,BadgerysCreek,17.3,23.1,0.6,NA,NA,SE,24,S,SSE,9,15,84,68,1023.7,1023.8,NA,NA,19.2,21.4,No,No
2015-02-06,BadgerysCreek,15.5,25.3,0,NA,NA,SSE,24,SSW,SE,6,13,80,59,1027.8,1026,NA,NA,18.8,23.2,No,No
2015-02-07,BadgerysCreek,15.2,28.6,0,NA,NA,NE,24,WSW,N,6,9,78,50,1025.3,1021.1,NA,NA,18.8,28.1,No,No
2015-02-08,BadgerysCreek,15.1,36.4,0,NA,NA,SE,31,WSW,SW,2,13,79,28,1018.7,1015.7,NA,NA,21.2,35.7,No,No
2015-02-09,BadgerysCreek,18,26.4,0,NA,NA,SSE,30,SSW,SE,13,13,66,60,1024.3,1023.6,NA,NA,22.7,25.5,No,No
2015-02-10,BadgerysCreek,20.1,29.7,0,NA,NA,E,33,SW,E,4,19,79,60,1024.6,1022.1,NA,NA,23.6,28.5,No,No
2015-02-11,BadgerysCreek,19.2,31.4,0,NA,NA,ENE,31,NNE,NNE,4,9,77,49,1023.5,1019.9,NA,NA,23.8,29.6,No,No
2015-02-12,BadgerysCreek,17.6,30.8,0,NA,NA,E,41,SW,E,4,24,82,50,1021.8,1019.9,NA,NA,23.1,29.6,No,Yes
2015-02-13,BadgerysCreek,18.9,26.7,7.6,NA,NA,SE,28,SW,SSE,7,15,87,68,1024.4,1023.1,NA,NA,21.4,23.6,Yes,No
2015-02-14,BadgerysCreek,17.4,27.8,0.6,NA,NA,NNE,26,SW,NNE,6,15,88,54,1023.2,1019.2,NA,NA,21.6,27.4,No,Yes
2015-02-15,BadgerysCreek,17.4,30.3,6.6,NA,NA,E,28,S,SE,4,17,100,52,1017.2,1014.3,NA,NA,19.1,26.2,Yes,No
2015-02-16,BadgerysCreek,17.5,30.5,0.2,NA,NA,ENE,31,N,NNE,6,11,81,49,1017,1014.6,NA,NA,22.1,29.1,No,No
2015-02-17,BadgerysCreek,16.6,30.4,0,NA,NA,ENE,35,NA,E,0,15,81,44,1018.8,1016.4,NA,NA,21.6,29,No,No
2015-02-18,BadgerysCreek,17.1,30.5,0,NA,NA,ENE,37,ESE,ENE,2,20,72,47,1019.8,1017.8,NA,NA,23.5,29.4,No,No
2015-02-19,BadgerysCreek,17.4,28.4,0,NA,NA,NE,28,WSW,NNW,7,7,84,65,1021.6,1018.9,NA,NA,21.8,25.4,No,No
2015-02-20,BadgerysCreek,17.3,28.4,0.2,NA,NA,ENE,24,WNW,E,4,13,96,57,1018.2,1015.4,NA,NA,21.9,27.5,No,Yes
2015-02-21,BadgerysCreek,20.2,24.4,4.4,NA,NA,E,22,SE,SSW,4,6,96,90,1017.1,1015.7,NA,NA,21.3,22.6,Yes,Yes
2015-02-22,BadgerysCreek,18.8,26.2,8.8,NA,NA,ENE,24,NA,ENE,0,7,100,74,1017.9,1016.3,NA,NA,20.8,25.1,Yes,No
2015-02-23,BadgerysCreek,18.2,28.2,0.8,NA,NA,ESE,24,W,ENE,4,13,100,65,1017,1014.1,NA,NA,21.1,26.7,No,No
2015-02-24,BadgerysCreek,20.1,27.3,0.4,NA,NA,SE,35,SSE,SSE,6,15,93,64,1014.7,1014.8,NA,NA,22.1,24.8,No,No
2015-02-25,BadgerysCreek,19.5,23,0,NA,NA,SSE,33,SSW,S,15,17,76,79,1015.8,1015.3,NA,NA,22.2,21.1,No,Yes
2015-02-26,BadgerysCreek,18.6,26.8,2.2,NA,NA,SW,35,WSW,ENE,4,2,92,65,1011.1,1006.8,NA,NA,18.9,26.1,Yes,No
2015-02-27,BadgerysCreek,16.9,29.1,0.4,NA,NA,ENE,28,SSW,E,9,9,78,52,1011,1008.8,NA,NA,22.2,27.4,No,No
2015-02-28,BadgerysCreek,16.6,31.6,0.2,NA,NA,ESE,26,NA,N,0,13,100,45,1010.9,1007.7,NA,NA,19.4,29.4,No,No
2015-03-01,BadgerysCreek,16.8,36.6,0,NA,NA,SSW,74,NW,NW,2,13,92,32,1006.3,1002.3,NA,NA,21.6,35.7,No,Yes
2015-03-02,BadgerysCreek,16.3,22.9,8.4,NA,NA,SSW,26,SSW,ESE,13,9,68,64,1018.9,1017.2,NA,NA,18.9,22.2,Yes,No
2015-03-03,BadgerysCreek,13.7,30.2,0.2,NA,NA,ESE,26,N,NE,6,9,79,45,1016.1,1012,NA,NA,19,29.1,No,No
2015-03-04,BadgerysCreek,19,30.8,0,NA,NA,ENE,20,SW,ESE,4,7,78,51,1013.6,1009.3,NA,NA,22.6,29.3,No,No
2015-03-05,BadgerysCreek,14.6,27.9,0,NA,NA,SW,46,NW,SW,6,17,51,27,1006.1,1007.6,NA,NA,22.5,27,No,No
2015-03-06,BadgerysCreek,10.7,30.3,0,NA,NA,WSW,35,WNW,WSW,11,22,37,24,1007.8,1003.8,NA,NA,19.4,29.7,No,No
2015-03-07,BadgerysCreek,16.2,28.6,0,NA,NA,N,31,SW,NNE,2,15,69,38,1012.4,1008.9,NA,NA,19.5,28,No,No
2015-03-08,BadgerysCreek,17.7,30.3,0,NA,NA,ENE,33,SE,E,6,19,89,56,1011.2,1008.4,NA,NA,19.4,27.9,No,No
2015-03-09,BadgerysCreek,17.8,33.7,0,NA,NA,ENE,35,W,N,4,6,77,28,1012,1009,NA,NA,22.1,32.8,No,No
2015-03-10,BadgerysCreek,16.6,27.8,0,NA,NA,E,30,SW,ENE,11,17,72,61,1017.8,1015.7,NA,NA,21.6,26.8,No,No
2015-03-11,BadgerysCreek,17.8,30.6,0,NA,NA,SW,81,E,NNE,6,13,83,49,1016.9,1012.3,NA,NA,22.7,29.8,No,Yes
2015-03-12,BadgerysCreek,17.4,28.4,28.6,NA,NA,SE,35,WSW,E,6,17,87,61,1014.9,1012.5,NA,NA,21.3,27.1,Yes,No
2015-03-13,BadgerysCreek,17.9,19.3,0,NA,NA,S,30,S,SSE,13,2,76,88,1020.6,1020.2,NA,NA,18.1,17,No,No
2015-03-14,BadgerysCreek,14.2,26.1,0,NA,NA,NE,24,WSW,NNE,9,7,81,45,1018.9,1013.9,NA,NA,18,24.9,No,No
2015-03-15,BadgerysCreek,14.2,24.8,0,NA,NA,S,48,SW,SSE,15,20,73,52,1010.4,1012.5,NA,NA,20.6,22.5,No,No
2015-03-16,BadgerysCreek,13.2,24.1,0,NA,NA,E,26,WSW,ESE,9,7,60,47,1017.6,1015.3,NA,NA,18.6,22.7,No,No
2015-03-17,BadgerysCreek,10.1,23,0,NA,NA,N,30,SW,NNE,4,17,85,55,1016,1011.5,NA,NA,15.3,22,No,No
2015-03-18,BadgerysCreek,15.2,30.3,0,NA,NA,SSE,22,NA,SSW,0,6,92,51,1006.8,1003,NA,NA,17.9,29,No,No
2015-03-19,BadgerysCreek,15,32,0,NA,NA,NE,22,SSW,NNE,4,6,76,32,1011.4,1009.7,NA,NA,21.6,31.4,No,No
2015-03-20,BadgerysCreek,15.1,31.2,0,NA,NA,S,43,SW,SE,2,19,90,70,1010.6,1011.3,NA,NA,20.1,24.6,No,Yes
2015-03-21,BadgerysCreek,15.8,21.6,1.8,NA,NA,SE,33,SSW,SSE,13,19,73,58,1025.1,1025.4,NA,NA,18.3,20.8,Yes,Yes
2015-03-22,BadgerysCreek,15.6,23.3,1.4,NA,NA,NE,26,SW,NE,9,9,100,65,1024.9,1021.8,NA,NA,17.7,23.1,Yes,No
2015-03-23,BadgerysCreek,15.8,29.4,0.2,NA,NA,NNE,35,NNE,NNE,6,19,100,52,1018.7,1012.7,NA,NA,18.3,27.7,No,No
2015-03-24,BadgerysCreek,17.1,24.7,0,NA,NA,SW,28,NA,ESE,0,9,96,97,1011.5,1010.2,NA,NA,20.7,20.9,No,Yes
2015-03-25,BadgerysCreek,11.8,24.4,10.8,NA,NA,ENE,26,SW,ESE,13,11,76,53,1017.3,1015.9,NA,NA,17.3,23.1,Yes,No
2015-03-26,BadgerysCreek,13.4,28.1,0,NA,NA,WSW,31,SW,W,6,11,83,26,1018,1014.8,NA,NA,17.9,26.8,No,No
2015-03-27,BadgerysCreek,8.2,26.7,0,NA,NA,SW,41,N,W,7,19,53,23,1020.5,1017,NA,NA,15.4,25.7,No,No
2015-03-28,BadgerysCreek,8,24.9,0,NA,NA,E,30,SW,NNE,7,9,68,31,1023.5,1021.3,NA,NA,14.5,24.1,No,No
2015-03-29,BadgerysCreek,11.9,26.9,0,NA,NA,NNE,26,NA,E,0,7,90,41,1023.2,1020.4,NA,NA,14.7,25.9,No,No
2015-03-30,BadgerysCreek,14.6,25,0.2,NA,NA,ENE,24,WSW,NE,6,11,97,55,1024,1022.3,NA,NA,17.2,23.3,No,Yes
2015-03-31,BadgerysCreek,15.8,22.9,4.2,NA,NA,SSE,19,SW,E,9,6,88,87,1026.5,1024.9,NA,NA,18.6,20.1,Yes,Yes
2015-04-01,BadgerysCreek,15.5,26.1,3.6,NA,NA,NNE,31,SSE,NNE,4,17,100,59,1024.8,1020.3,NA,NA,18.2,24.9,Yes,No
2015-04-02,BadgerysCreek,14.7,28.9,0,NA,NA,WNW,46,NA,NNE,0,7,100,50,1018.8,1016,NA,NA,16.9,27.9,No,Yes
2015-04-03,BadgerysCreek,16.1,17.3,3,NA,NA,SSW,20,SSW,SSW,7,9,77,96,1024.3,1023.1,NA,NA,16.9,16.6,Yes,Yes
2015-04-04,BadgerysCreek,16.1,19.3,21.4,NA,NA,SSE,26,SE,S,9,9,100,97,1020.6,1018,NA,NA,17.1,16.6,Yes,Yes
2015-04-05,BadgerysCreek,14.9,25.7,9,NA,NA,SW,24,WSW,SSE,15,13,73,45,1010.7,1005.2,NA,NA,19.2,25,Yes,No
2015-04-06,BadgerysCreek,11.9,24.5,0,NA,NA,W,44,N,ESE,4,9,84,87,1008.1,1006.1,NA,NA,17.9,18.3,No,Yes
2015-04-07,BadgerysCreek,11.2,21.6,3.2,NA,NA,NNW,65,NW,WNW,4,26,74,46,1007.9,1007.6,NA,NA,18,19.1,Yes,Yes
2015-04-08,BadgerysCreek,12.1,21.9,3.4,NA,NA,WSW,63,WSW,SW,17,26,51,47,1011.1,1013.8,NA,NA,18.2,20.6,Yes,No
2015-04-09,BadgerysCreek,12.7,22.3,0,NA,NA,SW,43,SW,SSW,28,17,52,40,1020.9,1019.7,NA,NA,17.7,21.6,No,No
2015-04-10,BadgerysCreek,12.1,21.6,0,NA,NA,SW,30,SW,S,17,15,66,64,1025,1022.8,NA,NA,17.6,19.9,No,Yes
2015-04-11,BadgerysCreek,14.6,23,1.6,NA,NA,ENE,20,SW,N,6,13,95,56,1023.3,1019.1,NA,NA,16.5,22.3,Yes,No
2015-04-12,BadgerysCreek,11.5,22.9,0,NA,NA,SSE,31,S,SE,7,15,86,64,1018.8,1017.8,NA,NA,17.9,20.9,No,No
2015-04-13,BadgerysCreek,12.4,22.9,0.2,NA,NA,ESE,22,SSW,NE,9,9,66,50,1023.9,1020.4,NA,NA,17.8,22,No,No
2015-04-14,BadgerysCreek,11.5,23.3,0,NA,NA,NNE,24,NNW,NE,2,7,74,48,1023.9,1020.6,NA,NA,16.9,22.8,No,No
2015-04-15,BadgerysCreek,10.4,27.3,0,NA,NA,WSW,50,NA,NNE,0,7,87,43,1025,1021.1,NA,NA,17.1,26.1,No,Yes
2015-04-16,BadgerysCreek,13.3,30.2,7,NA,NA,WNW,37,WSW,NW,4,13,88,44,1022.4,1019.1,NA,NA,18.6,29.7,Yes,Yes
2015-04-17,BadgerysCreek,18.5,21.1,2.6,NA,NA,NNE,15,NA,NE,0,2,97,93,1024.8,1021.1,NA,NA,18.9,20.7,Yes,Yes
2015-04-18,BadgerysCreek,17.3,27.3,3.4,NA,NA,WNW,31,N,N,6,17,100,64,1017.3,1013.2,NA,NA,20.2,24.3,Yes,Yes
2015-04-19,BadgerysCreek,15.4,23.4,6.8,NA,NA,SW,44,SW,SE,20,17,61,66,1018.8,1019.3,NA,NA,18.4,18.9,Yes,Yes
2015-04-20,BadgerysCreek,10.9,15,7.2,NA,NA,S,48,SSW,SW,22,26,90,99,1024.2,1022,NA,NA,13,13.2,Yes,Yes
2015-04-21,BadgerysCreek,12.8,15.8,83.6,NA,NA,SSW,61,SSW,SSW,26,24,92,85,1020.9,1018.8,NA,NA,13.2,13.3,Yes,Yes
2015-04-22,BadgerysCreek,12.3,18.5,50.2,NA,NA,SW,54,SW,SW,26,17,97,94,1014.8,1011.1,NA,NA,14.6,16.6,Yes,Yes
2015-04-23,BadgerysCreek,12.8,23.1,26.2,NA,NA,ENE,19,SSW,ENE,9,15,83,72,1012.5,1009.5,NA,NA,18.4,20.6,Yes,No
2015-04-24,BadgerysCreek,12.3,25.3,0.2,NA,NA,W,19,N,W,6,11,100,55,1008,1004.3,NA,NA,15.1,23.4,No,No
2015-04-25,BadgerysCreek,10.1,24,0,NA,NA,WSW,50,NA,SW,0,7,100,83,1008.8,1004.7,NA,NA,14.4,18.2,No,Yes
2015-04-26,BadgerysCreek,10.3,20,18,NA,NA,SW,52,WSW,SSW,13,28,76,56,1008.5,1010.5,NA,NA,14.4,18.8,Yes,No
2015-04-27,BadgerysCreek,9.1,19.7,0.2,NA,NA,SW,31,WSW,SSE,11,6,65,43,1019.1,1018.5,NA,NA,15,19,No,No
2015-04-28,BadgerysCreek,7.2,21,0,NA,NA,SE,22,SW,SSW,11,6,70,44,1026.2,1024,NA,NA,13.8,20,No,No
2015-04-29,BadgerysCreek,8.9,18.9,0,NA,NA,SW,19,SW,ENE,15,13,76,82,1030.8,1028.8,NA,NA,14.9,16.1,No,Yes
2015-04-30,BadgerysCreek,13.3,18.5,2.6,NA,NA,SSE,22,SSW,SE,9,11,87,72,1031.4,1028.7,NA,NA,15.6,17.9,Yes,No
2015-05-01,BadgerysCreek,13.1,20.6,1,NA,NA,SSE,26,SSW,SE,9,11,96,76,1028.3,1024.3,NA,NA,16.1,19.1,No,Yes
2015-05-02,BadgerysCreek,14.3,21.2,7.4,NA,NA,ESE,31,S,ESE,7,9,95,93,1021.1,1016.5,NA,NA,18.2,19.2,Yes,Yes
2015-05-03,BadgerysCreek,17.4,23.2,27.2,NA,NA,S,31,SW,S,9,9,86,78,1015.3,1013.1,NA,NA,19.3,21.9,Yes,No
2015-05-04,BadgerysCreek,15.2,22.1,0.2,NA,NA,SW,20,SW,NNE,17,6,77,70,1016.2,1013.1,NA,NA,18.7,21.4,No,No
2015-05-05,BadgerysCreek,12.9,25.8,0.2,NA,NA,WNW,43,N,NW,7,24,100,37,1008.6,1003.4,NA,NA,15.5,25.6,No,No
2015-05-06,BadgerysCreek,10.4,19.3,0,NA,NA,WSW,44,W,SW,19,19,49,41,1014.5,1013.1,NA,NA,14.4,18.8,No,No
2015-05-07,BadgerysCreek,4.7,18.5,0,NA,NA,W,43,WSW,W,2,20,75,42,1018.5,1016.2,NA,NA,12.7,17.7,No,No
2015-05-08,BadgerysCreek,6.6,20.4,0,NA,NA,WSW,33,N,NW,7,4,66,39,1019.7,1015.9,NA,NA,13.6,19.9,No,No
2015-05-09,BadgerysCreek,5.4,20.1,0,NA,NA,WSW,28,N,W,4,17,70,45,1017.5,1013.9,NA,NA,13.2,19.6,No,No
2015-05-10,BadgerysCreek,4.3,20.4,0,NA,NA,W,50,N,NW,6,24,55,47,1011.2,1006,NA,NA,16.7,18.9,No,No
2015-05-11,BadgerysCreek,10.4,20.1,0,NA,NA,W,50,NNW,W,11,26,52,49,1010.1,1010.4,NA,NA,16.6,19.5,No,No
2015-05-12,BadgerysCreek,6.3,20.8,0,NA,NA,W,56,NNE,W,6,31,76,45,1014.2,1010.7,NA,NA,14.8,19.8,No,No
2015-05-13,BadgerysCreek,8.9,15,0,NA,NA,S,52,W,WSW,13,22,53,43,1016.5,1016.8,NA,NA,12.8,14.4,No,No
2015-05-14,BadgerysCreek,5,16.9,1,NA,NA,SW,33,SW,SW,17,19,58,43,1025,1024.7,NA,NA,11.5,16.4,No,No
2015-05-15,BadgerysCreek,8.1,19.5,0,NA,NA,SW,33,SW,S,15,13,65,59,1031.9,1031,NA,NA,14.5,18.1,No,No
2015-05-16,BadgerysCreek,11.3,19,0,NA,NA,SSW,28,SW,SE,15,9,71,60,1035.9,1033.6,NA,NA,15,18.1,No,No
2015-05-17,BadgerysCreek,6.3,20.4,0,NA,NA,SW,15,SW,ESE,11,4,91,64,1035.7,1032,NA,NA,12,18.9,No,No
2015-05-18,BadgerysCreek,8,19.3,0,NA,NA,NE,19,N,NNE,4,9,100,74,1032,1027.1,NA,NA,11.4,17.8,No,No
2015-05-19,BadgerysCreek,11.4,17.9,0.4,NA,NA,N,19,NA,NA,0,0,100,85,1020.9,1015.5,NA,NA,14,17.3,No,Yes
2015-05-20,BadgerysCreek,10.3,23.7,3.8,NA,NA,NNE,22,SW,NNE,4,9,100,63,1016.2,1013.4,NA,NA,12.6,21.4,Yes,No
2015-05-21,BadgerysCreek,10.3,21,0.8,NA,NA,W,22,W,ESE,11,7,76,63,1018.8,1016.8,NA,NA,15.8,18.2,No,Yes
2015-05-22,BadgerysCreek,11,15.6,1.6,NA,NA,SSW,57,SW,SSW,19,26,91,69,1018.2,1021.8,NA,NA,13.4,14.8,Yes,Yes
2015-05-23,BadgerysCreek,9.9,17.9,8.8,NA,NA,SW,33,SW,S,22,11,65,52,1029.5,1028,NA,NA,13,17.1,Yes,No
2015-05-24,BadgerysCreek,5.9,19,0,NA,NA,SW,15,WSW,S,9,2,82,38,1032.5,1030.6,NA,NA,10.5,18.7,No,No
2015-05-25,BadgerysCreek,5.5,17.1,0,NA,NA,SW,11,WSW,NNE,2,2,100,58,1032.4,1028.5,NA,NA,10.1,17.1,No,No
2015-05-26,BadgerysCreek,4.3,18,0.2,NA,NA,SW,15,SW,NA,7,0,81,61,1030,1026.6,NA,NA,10,16.4,No,No
2015-05-27,BadgerysCreek,6,20,0,NA,NA,N,13,SSW,N,6,7,82,50,1025.4,1021.8,NA,NA,11.8,18.8,No,No
2015-05-28,BadgerysCreek,6.2,20.5,0,NA,NA,NNW,19,SW,N,6,7,100,61,1023.8,1020.2,NA,NA,11.7,19.6,No,No
2015-05-29,BadgerysCreek,11.6,19,0,NA,NA,N,24,NW,W,4,4,100,83,1021,1020.3,NA,NA,13.9,18.5,No,No
2015-05-30,BadgerysCreek,7.4,14.8,0,NA,NA,SW,24,W,NW,4,2,100,84,1022.1,1017.5,NA,NA,10.4,13.7,No,No
2015-05-31,BadgerysCreek,8.3,12.8,0,NA,NA,SW,24,NW,N,4,7,100,95,1016.2,1012.5,NA,NA,10.1,12,No,No
2015-06-01,BadgerysCreek,6.1,14.2,0,NA,NA,WSW,67,SW,SW,37,28,50,33,1015.4,1017.3,NA,NA,12.3,13.8,No,No
2015-06-02,BadgerysCreek,4.7,15.2,0,NA,NA,SW,33,SW,WSW,13,9,54,43,1024.4,1022.6,NA,NA,9.3,14.8,No,No
2015-06-03,BadgerysCreek,3.3,17.1,0,NA,NA,WSW,20,SW,W,13,6,74,58,1023.5,1020.6,NA,NA,8.7,15,No,No
2015-06-04,BadgerysCreek,1.4,16.8,0,NA,NA,NNE,19,WSW,NE,4,11,100,52,1022.2,1017.6,NA,NA,6.1,16.1,No,Yes
2015-06-05,BadgerysCreek,3.6,15.1,2,NA,NA,WSW,28,W,SW,4,13,100,58,1019.5,1019.5,NA,NA,8.3,14.6,Yes,No
2015-06-06,BadgerysCreek,5.7,20.3,0,NA,NA,WSW,20,SW,N,6,7,75,55,1028.6,1027,NA,NA,11.3,18.9,No,No
2015-06-07,BadgerysCreek,2.6,20,0,NA,NA,N,15,NA,NE,0,6,100,60,1029.4,1023.9,NA,NA,6.9,19.9,No,No
2015-06-08,BadgerysCreek,5.8,21.9,0,NA,NA,NW,37,NA,NW,0,17,100,45,1025.2,1019.3,NA,NA,10.1,21.3,No,No
2015-06-09,BadgerysCreek,9.7,21.5,0,NA,NA,NNE,26,NW,WNW,9,6,49,44,1020.5,1019.2,NA,NA,17.4,20.3,No,No
2015-06-10,BadgerysCreek,6.3,14.9,0,NA,NA,SW,20,SW,SSE,9,7,80,65,1031.4,1031.5,NA,NA,10.3,14.3,No,No
2015-06-11,BadgerysCreek,10,17.8,0,NA,NA,SW,15,WSW,WNW,9,4,78,56,1037,1034.3,NA,NA,13,16.8,No,No
2015-06-12,BadgerysCreek,10.3,17.6,0,NA,NA,WNW,19,SW,NA,6,0,89,64,1034.9,1031.6,NA,NA,12.9,16.9,No,No
2015-06-13,BadgerysCreek,7,18.1,0,NA,NA,NNE,20,N,NNE,2,7,100,57,1031.4,1027,NA,NA,10,17.8,No,No
2015-06-14,BadgerysCreek,4.2,19.6,0,NA,NA,SW,13,SW,N,9,2,100,53,1028.7,1025.6,NA,NA,9.8,19.1,No,No
2015-06-15,BadgerysCreek,7,18.1,0,NA,NA,SSW,15,SW,NE,9,6,99,79,1028,1025.2,NA,NA,11.5,17,No,Yes
2015-06-16,BadgerysCreek,11.4,14.6,1.8,NA,NA,NNE,20,NA,NNE,0,13,100,100,1022.7,1017.8,NA,NA,13.4,14.5,Yes,Yes
2015-06-17,BadgerysCreek,12.4,15.2,15,NA,NA,NNE,15,NNE,WNW,4,7,100,100,1012.3,1009.9,NA,NA,13.4,14.9,Yes,Yes
2015-06-18,BadgerysCreek,5.9,16.4,3.6,NA,NA,WSW,26,SW,SSW,2,9,100,83,1014.6,1013.7,NA,NA,10.1,15,Yes,Yes
2015-06-19,BadgerysCreek,9.2,15,38,NA,NA,SW,35,SW,SSW,17,19,86,61,1018,1017.6,NA,NA,10.5,14.4,Yes,No
2015-06-20,BadgerysCreek,6.2,14.8,0.2,NA,NA,WSW,26,WSW,W,17,7,74,57,1024.6,1023.5,NA,NA,9.6,14.6,No,No
2015-06-21,BadgerysCreek,5.8,16,0,NA,NA,WSW,17,WSW,NA,7,0,80,67,1028.8,1027.5,NA,NA,10.4,15,No,No
2015-06-22,BadgerysCreek,3.1,16.9,0,NA,NA,WSW,11,NA,NNE,0,2,100,63,1029.6,1025.8,NA,NA,8,16.4,No,No
2015-06-23,BadgerysCreek,2.4,18.3,0,NA,NA,NNE,13,N,NE,4,4,100,61,1026.5,1023.1,NA,NA,7.4,17.4,No,No
2015-06-24,BadgerysCreek,6.7,18.3,0,NA,NA,NNE,11,NA,NA,0,0,100,64,1023.4,1019.9,NA,NA,9.6,17.8,No,No
2015-06-25,BadgerysCreek,8.5,19.2,0,NA,NA,SE,24,SW,E,9,11,97,91,1023.6,1023.4,NA,NA,12.6,14.6,No,No
2015-06-26,BadgerysCreek,7.2,18.1,1,NA,NA,SSW,24,SSW,E,9,4,82,56,1033.3,1031.1,NA,NA,12.3,16.6,No,No
2015-06-27,BadgerysCreek,2.2,19.4,0,NA,NA,SW,13,SW,ENE,2,6,100,52,1032.8,1029,NA,NA,7,17.9,No,No
2015-06-28,BadgerysCreek,3.4,18,0.2,NA,NA,WSW,15,WSW,NNE,9,6,98,60,1033.1,1031,NA,NA,8.1,16.6,No,No
2015-06-29,BadgerysCreek,5.2,18.2,0,NA,NA,NNE,19,WSW,ENE,2,9,100,62,1033.6,1029.7,NA,NA,9.8,17.3,No,No
2015-06-30,BadgerysCreek,3.4,17.5,0.2,NA,NA,NNE,15,NA,N,0,9,100,65,1029.7,1024.8,NA,NA,7,16.8,No,No
2015-07-01,BadgerysCreek,6.9,15.3,0.8,NA,NA,SW,22,S,SSW,6,7,86,50,1026.3,1022.8,NA,NA,10.2,14.7,No,No
2015-07-02,BadgerysCreek,2.6,15.7,0,NA,NA,WSW,54,WSW,WSW,9,15,87,52,1020.6,1017.7,NA,NA,8.1,15.1,No,No
2015-07-03,BadgerysCreek,3.8,15.4,0,NA,NA,SW,26,SW,N,15,6,65,44,1027,1024.5,NA,NA,8.2,14.5,No,No
2015-07-04,BadgerysCreek,-1.1,16.4,0,NA,NA,SE,9,NA,NE,0,2,100,38,1022.9,1020.2,NA,NA,1.6,15.3,No,No
2015-07-05,BadgerysCreek,0,17,0,NA,NA,N,13,ENE,N,2,9,100,47,1022.4,1018,NA,NA,5.4,15.4,No,No
2015-07-06,BadgerysCreek,-1.3,16,0,NA,NA,WSW,33,NA,WSW,0,20,100,41,NA,NA,NA,NA,3.8,15.4,No,No
2015-07-07,BadgerysCreek,2.9,14.8,0,NA,NA,SSW,35,SSE,SW,4,7,75,71,NA,NA,NA,NA,8.2,13.2,No,No
2015-07-08,BadgerysCreek,2.8,16.1,0,NA,NA,SW,19,SW,ENE,15,6,100,62,NA,NA,NA,NA,8.2,14.9,No,No
2015-07-09,BadgerysCreek,1.6,16.2,0,NA,NA,N,22,NA,NNE,0,15,100,58,NA,NA,NA,NA,6.9,15.5,No,No
2015-07-10,BadgerysCreek,2.3,11.9,0,NA,NA,WSW,22,NNE,WSW,4,11,100,92,NA,NA,NA,NA,7.9,11.4,No,Yes
2015-07-11,BadgerysCreek,0.5,18.3,1.6,NA,NA,NW,59,WSW,N,4,7,100,61,NA,NA,NA,NA,5.1,17.7,Yes,Yes
2015-07-12,BadgerysCreek,5.1,13.5,12.6,NA,NA,WNW,41,N,WNW,4,20,75,54,NA,NA,NA,NA,8.9,11.7,Yes,No
2015-07-13,BadgerysCreek,4.8,15.9,1,NA,NA,WSW,65,N,WSW,11,26,100,52,NA,NA,NA,NA,8.3,15.3,No,No
2015-07-14,BadgerysCreek,2.8,16.7,0,NA,NA,W,33,NW,W,2,13,66,43,NA,NA,NA,NA,11.1,15.2,No,No
2015-07-15,BadgerysCreek,-0.1,15.8,0,NA,NA,WNW,15,SW,NE,6,7,89,47,NA,NA,NA,NA,5.1,14.7,No,No
2015-07-16,BadgerysCreek,5,11.8,0.4,NA,NA,N,30,SW,SW,13,9,95,76,NA,NA,NA,NA,8.9,11.3,No,Yes
2015-07-17,BadgerysCreek,5.1,13.2,18,NA,NA,SW,54,SW,WSW,15,24,92,59,NA,NA,NA,NA,7.7,12.4,Yes,No
2015-07-18,BadgerysCreek,5,14.2,0.2,NA,NA,SSW,41,SW,S,15,13,65,58,NA,NA,NA,NA,9.6,13.1,No,No
2015-07-19,BadgerysCreek,4.6,16.4,0,NA,NA,SW,24,SW,ESE,13,7,78,62,NA,NA,NA,NA,10.3,14.1,No,No
2015-07-20,BadgerysCreek,4.4,17.6,0,NA,NA,SW,17,WSW,NE,4,4,93,63,NA,NA,NA,NA,9.1,15.2,No,No
2015-07-21,BadgerysCreek,3.3,17.1,0,NA,NA,NNE,33,NA,NNE,0,19,100,61,NA,NA,NA,NA,9.1,16.9,No,No
2015-07-22,BadgerysCreek,4.8,15.1,0,NA,NA,NNE,19,NNE,NNW,2,6,100,78,NA,NA,NA,NA,7.8,15,No,Yes
2015-07-23,BadgerysCreek,7.7,17.7,1.4,NA,NA,E,17,W,ESE,4,4,100,65,NA,NA,NA,NA,11.9,16.9,Yes,No
2015-07-24,BadgerysCreek,10.7,18.2,0,NA,NA,N,30,N,NA,4,0,100,76,NA,NA,NA,NA,12.3,17.4,No,No
2015-07-25,BadgerysCreek,7.7,19.8,0,NA,NA,N,44,WNW,WNW,9,15,52,41,NA,NA,NA,NA,15.2,18.6,No,No
2015-07-26,BadgerysCreek,3,18.4,0,NA,NA,W,52,N,W,2,31,91,43,NA,NA,NA,NA,9.1,18,No,No
2015-07-27,BadgerysCreek,2,14.2,0,NA,NA,W,48,NA,SW,0,15,53,40,NA,NA,NA,NA,9.3,13.6,No,No
2015-07-28,BadgerysCreek,2.2,16.2,0,NA,NA,SW,24,WNW,SSE,4,6,76,43,NA,NA,NA,NA,8.3,15.2,No,No
2015-07-29,BadgerysCreek,2.5,17.6,0,NA,NA,S,15,SW,N,7,6,87,47,NA,NA,NA,NA,8.7,16.8,No,No
2015-07-30,BadgerysCreek,1.8,19.2,0,NA,NA,NW,26,NA,N,0,19,100,45,NA,NA,NA,NA,7.3,17.9,No,No
2015-07-31,BadgerysCreek,4.8,19.7,0,NA,NA,WNW,28,W,NNE,4,6,70,41,NA,NA,NA,NA,11.5,19.3,No,No
2015-08-01,BadgerysCreek,1.9,21.5,0,NA,NA,NNW,31,SSE,NW,4,19,100,33,NA,NA,NA,NA,7.9,21,No,No
2015-08-02,BadgerysCreek,5,24.2,0,NA,NA,NW,48,SW,NW,2,22,80,34,NA,NA,NA,NA,12.3,23.8,No,No
2015-08-03,BadgerysCreek,4.5,17.1,0,NA,NA,W,44,N,WSW,9,24,63,41,NA,NA,NA,NA,10.9,15.9,No,No
2015-08-04,BadgerysCreek,2.3,13.9,0,NA,NA,WSW,31,SW,N,2,11,74,50,NA,NA,NA,NA,7.4,12.7,No,No
2015-08-05,BadgerysCreek,0.4,14.7,0,NA,NA,WNW,43,NNE,W,9,19,77,47,NA,NA,NA,NA,5.9,14.5,No,No
2015-08-06,BadgerysCreek,4.4,15.8,0,NA,NA,SW,41,WSW,SW,17,20,53,41,NA,NA,NA,NA,10.4,14.8,No,No
2015-08-07,BadgerysCreek,0.3,16.6,0,NA,NA,SW,30,NNE,SSW,4,17,79,46,NA,NA,NA,NA,8.1,16.4,No,No
2015-08-08,BadgerysCreek,1.8,17.3,0,NA,NA,WSW,20,SW,WNW,11,6,76,52,NA,NA,NA,NA,9.9,15.3,No,No
2015-08-09,BadgerysCreek,0.3,16.9,0,NA,NA,NE,26,SW,NE,4,13,100,50,NA,NA,NA,NA,7.3,16.6,No,No
2015-08-10,BadgerysCreek,1.2,20.2,0,NA,NA,WNW,26,NNE,NNW,2,11,100,38,NA,NA,NA,NA,8.7,19.9,No,No
2015-08-11,BadgerysCreek,2,19.6,0,NA,NA,W,30,SW,W,4,20,80,32,NA,NA,NA,NA,9.2,18.4,No,No
2015-08-12,BadgerysCreek,-0.2,16,0,NA,NA,NA,NA,NNE,W,6,31,80,53,NA,NA,NA,NA,7.6,13.3,No,No
2015-08-13,BadgerysCreek,7.1,18.2,0.4,NA,NA,SW,39,WSW,WSW,13,20,56,33,NA,NA,NA,NA,12.5,17.9,No,No
2015-08-14,BadgerysCreek,0.9,19.6,0,NA,NA,W,22,N,NW,2,4,77,41,NA,NA,NA,NA,10.4,19.1,No,No
2015-08-15,BadgerysCreek,3.9,19.3,0,NA,NA,E,22,SW,ESE,9,13,74,62,NA,NA,NA,NA,11.7,16.4,No,No
2015-08-16,BadgerysCreek,6.6,20.3,0,NA,NA,NNE,20,N,NE,7,2,86,51,NA,NA,NA,NA,13.1,19.6,No,No
2015-08-17,BadgerysCreek,2.9,19.4,0,NA,NA,WSW,44,N,SW,11,24,77,35,NA,NA,NA,NA,11.8,18.6,No,No
2015-08-18,BadgerysCreek,6.7,16.2,0,NA,NA,SW,31,SW,SE,15,9,49,41,NA,NA,NA,NA,11.7,15.5,No,No
2015-08-19,BadgerysCreek,5.3,18.1,0,NA,NA,N,26,WSW,E,6,9,75,49,NA,NA,NA,NA,10.6,17,No,No
2015-08-20,BadgerysCreek,3.7,20.6,0,NA,NA,N,19,WSW,NNE,2,9,96,44,NA,NA,NA,NA,10.7,18.9,No,No
2015-08-21,BadgerysCreek,3.4,22.9,0,NA,NA,N,28,NNW,N,4,15,100,39,NA,NA,NA,NA,11.6,21.4,No,No
2015-08-22,BadgerysCreek,8.3,28.1,0,NA,NA,NNW,39,N,NW,7,24,64,32,NA,NA,NA,NA,16.8,27.5,No,Yes
2015-08-23,BadgerysCreek,13.1,16.7,2.8,NA,NA,W,28,N,NNE,7,11,100,87,NA,NA,NA,NA,14,16.1,Yes,Yes
2015-08-24,BadgerysCreek,13,16.1,3.8,NA,NA,W,48,WSW,SW,6,2,100,100,NA,NA,NA,NA,13.9,15.6,Yes,Yes
2015-08-25,BadgerysCreek,12,19.1,31.6,NA,NA,W,63,W,WSW,26,28,74,63,NA,NA,NA,NA,15.5,16.9,Yes,Yes
2015-08-26,BadgerysCreek,11.5,19.2,7.8,NA,NA,SSW,31,WSW,SSW,13,20,98,72,NA,NA,NA,NA,15.9,18,Yes,No
2015-08-27,BadgerysCreek,9.5,20.6,0.2,NA,NA,WNW,43,NNE,NW,2,9,100,52,NA,NA,NA,NA,12.4,20.4,No,No
2015-08-28,BadgerysCreek,6.7,19,0,NA,NA,WSW,39,WSW,WSW,26,13,58,55,NA,NA,NA,NA,14.3,17.8,No,No
2015-08-29,BadgerysCreek,4.3,19,0,NA,NA,WSW,28,NNE,WSW,7,13,81,41,NA,NA,NA,NA,11.6,18.6,No,No
2015-08-30,BadgerysCreek,3,17.8,0,NA,NA,SW,26,SW,W,15,7,64,51,NA,NA,NA,NA,11.9,16.4,No,No
2015-08-31,BadgerysCreek,5.5,18.9,0,NA,NA,SSW,31,SW,SSW,9,9,69,43,NA,NA,NA,NA,12.9,18.7,No,No
2015-09-01,BadgerysCreek,2.7,20.1,0,NA,NA,ESE,20,SW,NNE,9,4,69,37,NA,NA,NA,NA,11.8,19.8,No,No
2015-09-02,BadgerysCreek,2.5,18.7,0,NA,NA,N,20,W,N,2,9,75,44,NA,NA,NA,NA,10.4,18,No,Yes
2015-09-03,BadgerysCreek,6.8,19.3,2.4,NA,NA,SW,46,SSW,SW,2,24,84,41,NA,NA,NA,NA,13.5,18.6,Yes,No
2015-09-04,BadgerysCreek,12.8,19.4,0,NA,NA,SSW,33,SSW,ESE,15,6,67,56,NA,NA,NA,NA,15.1,17.4,No,No
2015-09-05,BadgerysCreek,6.9,20.6,0,NA,NA,ESE,24,NA,E,0,15,81,62,NA,NA,NA,NA,14.5,17.8,No,No
2015-09-06,BadgerysCreek,11.4,17,0.6,NA,NA,ENE,22,WSW,ENE,9,7,92,73,NA,NA,NA,NA,13,16,No,No
2015-09-07,BadgerysCreek,7,22.8,0.4,NA,NA,NW,46,NE,WNW,4,22,100,42,NA,NA,NA,NA,10.6,21.1,No,No
2015-09-08,BadgerysCreek,5.2,18.6,0,NA,NA,NA,NA,WSW,WSW,22,28,51,44,NA,NA,NA,NA,13.2,17.5,No,No
2015-09-09,BadgerysCreek,5.8,19.9,0,NA,NA,SW,28,SW,S,6,13,61,41,NA,NA,NA,NA,13.2,19.2,No,NA
2015-09-10,BadgerysCreek,5.6,19.5,NA,NA,NA,S,24,SW,ENE,9,6,69,49,NA,NA,NA,NA,14.4,19.1,NA,No
2015-09-11,BadgerysCreek,8.1,22.3,0,NA,NA,NA,NA,NA,NNE,0,7,64,46,NA,NA,NA,NA,16,22.1,No,No
2015-09-12,BadgerysCreek,5.6,25.7,0,NA,NA,ESE,24,N,NNE,4,4,74,42,NA,NA,NA,NA,15.5,25.5,No,No
2015-09-13,BadgerysCreek,8.8,25.6,0,NA,NA,E,24,W,NA,4,0,77,30,NA,NA,NA,NA,16.7,25.4,No,No
2015-09-14,BadgerysCreek,8.6,26.2,0,NA,NA,N,26,NA,NNE,0,11,82,40,NA,NA,NA,NA,16.6,25.8,No,No
2015-09-15,BadgerysCreek,7.2,28.9,0,NA,NA,NW,63,NNE,WNW,11,44,66,30,NA,NA,NA,NA,19.6,27.8,No,No
2015-09-16,BadgerysCreek,5.5,22.2,0,NA,NA,E,30,WSW,ENE,13,11,55,34,NA,NA,NA,NA,16.3,21.1,No,No
2015-09-17,BadgerysCreek,8.4,20.3,0,NA,NA,SSE,35,SW,SSE,11,19,58,61,NA,NA,NA,NA,15.4,17.7,No,Yes
2015-09-18,BadgerysCreek,10.5,19.7,1.4,NA,NA,ESE,28,S,SE,19,9,64,51,NA,NA,NA,NA,14.8,19.1,Yes,Yes
2015-09-19,BadgerysCreek,11,18.7,3.8,NA,NA,ESE,33,WSW,ESE,9,20,100,63,NA,NA,NA,NA,14.6,17.4,Yes,No
2015-09-20,BadgerysCreek,8.1,19.2,0.2,NA,NA,ESE,22,WSW,E,7,11,70,70,NA,NA,NA,NA,16.1,17.9,No,No
2015-09-21,BadgerysCreek,9.5,24.7,0.2,NA,NA,SSW,24,SE,NNE,2,7,100,38,NA,NA,NA,NA,14.3,23.8,No,No
2015-09-22,BadgerysCreek,10.7,20.1,0,NA,NA,SSE,44,WSW,S,24,19,44,43,NA,NA,NA,NA,17.2,18.1,No,No
2015-09-23,BadgerysCreek,7.1,16.6,0,NA,NA,SSW,50,SSW,S,26,26,52,36,NA,NA,NA,NA,12.5,15.4,No,No
2015-09-24,BadgerysCreek,6.5,16,0,NA,NA,SSW,52,SW,SSW,26,28,54,51,NA,NA,NA,NA,14,14.8,No,No
2015-09-25,BadgerysCreek,10.2,16.4,0,NA,NA,S,46,SSW,SSE,20,15,63,79,NA,NA,NA,NA,14.4,14.3,No,Yes
2015-09-26,BadgerysCreek,9.5,19.1,1.8,NA,NA,SSE,31,SW,S,11,15,85,53,NA,NA,NA,NA,14.8,18,Yes,No
2015-09-27,BadgerysCreek,7.8,20,0,NA,NA,SW,33,SSW,SE,17,15,59,48,NA,NA,NA,NA,15.3,18.9,No,No
2015-09-28,BadgerysCreek,7.7,22.9,0,NA,NA,ESE,31,W,NE,4,6,53,38,NA,NA,NA,NA,16.6,22.7,No,No
2015-09-29,BadgerysCreek,5.7,25.9,0,NA,NA,ENE,17,ENE,NNE,4,4,67,33,NA,NA,NA,NA,16.7,24.4,No,No
2015-09-30,BadgerysCreek,10.2,22.2,0,NA,NA,ESE,30,WSW,ESE,6,17,70,63,NA,NA,NA,NA,17.4,19.4,No,No
2015-10-01,BadgerysCreek,13.2,30.2,0,NA,NA,N,31,N,WNW,9,17,72,25,NA,NA,NA,NA,19.4,30.1,No,No
2015-10-02,BadgerysCreek,12.1,26.5,0,NA,NA,E,30,NNW,ENE,7,20,59,45,NA,NA,NA,NA,21,24.8,No,No
2015-10-03,BadgerysCreek,8.8,33,0,NA,NA,WSW,22,N,NNE,6,7,70,22,NA,NA,NA,NA,19.4,32.3,No,No
2015-10-04,BadgerysCreek,9.5,32.9,0,NA,NA,NNW,33,NW,NNW,4,4,79,25,NA,NA,NA,NA,15.8,30.9,No,No
2015-10-05,BadgerysCreek,8.6,36.6,0,NA,NA,NE,13,NA,W,0,4,64,18,NA,NA,NA,NA,19.2,35.4,No,No
2015-10-06,BadgerysCreek,12,37.4,0,NA,NA,NW,30,NA,WSW,0,13,50,14,NA,NA,NA,NA,21.3,36.9,No,No
2015-10-07,BadgerysCreek,10.9,19,0,NA,NA,SE,35,SSE,SSE,17,19,74,66,NA,NA,NA,NA,18.6,17.4,No,No
2015-10-08,BadgerysCreek,12.5,19.7,0,NA,NA,ENE,24,SE,NE,4,7,66,60,NA,NA,NA,NA,16.9,19,No,No
2015-10-09,BadgerysCreek,14.8,26,0,NA,NA,NNE,28,N,NNE,17,4,57,44,NA,NA,NA,NA,18.6,25,No,No
2015-10-10,BadgerysCreek,11.2,28.6,0,NA,NA,E,20,ENE,NW,6,6,76,38,NA,NA,NA,NA,19,27.4,No,No
2015-10-11,BadgerysCreek,10.2,26.6,0,NA,NA,NW,46,NNE,N,6,9,93,40,NA,NA,NA,NA,17,25.9,No,Yes
2015-10-12,BadgerysCreek,13.7,31.9,10,NA,NA,W,50,NNE,SSE,4,9,78,41,NA,NA,NA,NA,19.5,29.5,Yes,Yes
2015-10-13,BadgerysCreek,16.4,19.7,5.4,NA,NA,S,26,S,SW,15,11,82,95,NA,NA,NA,NA,17.4,17.7,Yes,Yes
2015-10-14,BadgerysCreek,13.9,25.4,3.6,NA,NA,NE,28,S,ENE,2,17,83,59,NA,NA,NA,NA,19.5,24.5,Yes,No
2015-10-15,BadgerysCreek,11.3,29.8,0,NA,NA,E,24,NW,NNE,2,11,100,39,NA,NA,NA,NA,16.9,28.7,No,No
2015-10-16,BadgerysCreek,12.8,34.2,0,NA,NA,E,26,NA,E,0,4,98,22,NA,NA,NA,NA,18.5,33.3,No,No
2015-10-17,BadgerysCreek,14.9,29.2,0,NA,NA,NA,NA,NNE,ENE,6,11,75,47,NA,NA,NA,NA,21.6,28.9,No,No
2015-10-18,BadgerysCreek,17.4,22.8,0.4,NA,NA,SSE,24,SSE,ENE,11,6,75,56,NA,NA,NA,NA,18.2,21.9,No,No
2015-10-19,BadgerysCreek,17.5,29.3,0,NA,NA,ESE,31,N,NNE,4,11,82,47,NA,NA,NA,NA,19.6,28,No,No
2015-10-20,BadgerysCreek,15.4,32.7,0,NA,NA,WNW,41,WNW,NNW,2,6,76,33,NA,NA,NA,NA,21.9,31.6,No,Yes
2015-10-21,BadgerysCreek,14.6,24.6,5.4,NA,NA,NNW,17,NW,N,4,2,85,73,NA,NA,NA,NA,20.6,23.6,Yes,No
2015-10-22,BadgerysCreek,16.8,23,1,NA,NA,SSW,56,S,SSW,6,19,86,79,NA,NA,NA,NA,19.8,19.2,No,Yes
2015-10-23,BadgerysCreek,12.7,20.4,19,NA,NA,SW,28,SW,ESE,15,9,67,54,NA,NA,NA,NA,16.3,19.8,Yes,No
2015-10-24,BadgerysCreek,8.5,25.6,0,NA,NA,E,31,E,NE,4,15,76,38,NA,NA,NA,NA,16.5,24.4,No,No
2015-10-25,BadgerysCreek,11.7,28.8,0,NA,NA,NNE,26,ESE,NA,4,0,78,46,NA,NA,NA,NA,18,26.4,No,No
2015-10-26,BadgerysCreek,12.4,24.4,0.2,NA,NA,WSW,52,NA,W,0,9,80,62,NA,NA,NA,NA,20.4,21.9,No,Yes
2015-10-27,BadgerysCreek,13.9,18.3,13.2,NA,NA,SSE,39,SSW,SSE,19,19,71,58,NA,NA,NA,NA,14.9,16.9,Yes,No
2015-10-28,BadgerysCreek,10.2,21.9,0,NA,NA,ENE,26,NA,NE,0,6,72,48,NA,NA,NA,NA,15.6,21.7,No,No
2015-10-29,BadgerysCreek,10.2,24.9,0,NA,NA,ENE,31,W,NE,7,9,55,37,NA,NA,NA,NA,17.9,24.3,No,No
2015-10-30,BadgerysCreek,9.3,25,0,NA,NA,NE,31,ESE,N,2,9,68,46,NA,NA,NA,NA,18.1,24,No,No
2015-10-31,BadgerysCreek,11.7,25.3,0,NA,NA,N,30,ENE,N,2,20,68,46,NA,NA,NA,NA,19.7,24.2,No,Yes
2015-11-01,BadgerysCreek,11.8,31.9,1.6,NA,NA,N,43,NNE,NNW,4,9,87,37,NA,NA,NA,NA,18.1,31,Yes,Yes
2015-11-02,BadgerysCreek,17.3,31.4,19.4,NA,NA,W,39,N,WSW,2,11,77,37,NA,NA,NA,NA,22,30.3,Yes,No
2015-11-03,BadgerysCreek,17.7,19.2,0.2,NA,NA,SSE,20,SSW,SSE,6,11,94,82,NA,NA,NA,NA,17.7,18.9,No,No
2015-11-04,BadgerysCreek,16.1,18.5,1,NA,NA,E,43,SSW,ESE,7,13,99,100,NA,NA,NA,NA,17.9,17.7,No,Yes
2015-11-05,BadgerysCreek,15.6,21.9,27.8,NA,NA,ENE,33,N,NW,6,2,100,95,NA,NA,NA,NA,16.5,20.3,Yes,Yes
2015-11-06,BadgerysCreek,16.5,28.1,9.2,NA,NA,WSW,37,NNE,W,7,15,100,56,NA,NA,NA,NA,20.5,24.5,Yes,No
2015-11-07,BadgerysCreek,14.1,26.8,0.4,NA,NA,SSE,39,N,SE,6,26,85,87,NA,NA,NA,NA,20.7,19.8,No,Yes
2015-11-08,BadgerysCreek,14.7,21.1,1.6,NA,NA,SE,31,SSW,SE,9,20,65,65,NA,NA,NA,NA,17.9,19.2,Yes,No
2015-11-09,BadgerysCreek,10.7,25.8,0,NA,NA,ENE,24,SW,NNW,6,7,70,39,NA,NA,NA,NA,17.8,24.3,No,No
2015-11-10,BadgerysCreek,10.9,29.9,0.2,NA,NA,S,28,NNE,ENE,4,6,72,34,NA,NA,NA,NA,19.6,29.4,No,No
2015-11-11,BadgerysCreek,16.9,24.1,0,NA,NA,E,20,SW,E,6,7,77,69,NA,NA,NA,NA,20.6,22.6,No,No
2015-11-12,BadgerysCreek,16.1,25,1,NA,NA,SW,31,NA,SW,0,22,96,80,NA,1018.3,NA,NA,18.8,19.7,No,Yes
2015-11-13,BadgerysCreek,14.7,28.6,2.8,NA,NA,NA,NA,NNE,NNE,6,19,80,78,1013.1,1009,NA,NA,20.9,23.1,Yes,NA
2015-11-14,BadgerysCreek,NA,NA,NA,NA,NA,NA,NA,NA,NA,NA,NA,NA,NA,NA,NA,NA,NA,NA,NA,NA,NA
2015-11-15,BadgerysCreek,NA,NA,NA,NA,NA,NA,NA,NA,NA,NA,NA,NA,NA,NA,NA,NA,NA,NA,NA,NA,NA
2015-11-16,BadgerysCreek,NA,NA,NA,NA,NA,NA,NA,NA,NA,NA,NA,NA,NA,NA,NA,NA,NA,NA,NA,NA,NA
2015-11-17,BadgerysCreek,NA,27.6,NA,NA,NA,NA,NA,NA,N,NA,11,NA,44,NA,1014.8,NA,NA,NA,27,NA,NA
2015-11-18,BadgerysCreek,12.9,35.3,NA,NA,NA,W,46,N,W,4,19,73,29,1013.9,1009.6,NA,NA,21.2,34.6,NA,No
2015-11-19,BadgerysCreek,14.3,36.5,0,NA,NA,N,17,SW,N,4,6,71,40,1015,1011.3,NA,NA,22.2,34.6,No,No
2015-11-20,BadgerysCreek,18.5,39.4,0,NA,NA,NW,61,NNE,NW,7,37,80,20,1012.6,1006.7,NA,NA,24.7,39,No,No
2015-11-21,BadgerysCreek,16.6,22.9,0,NA,NA,S,33,SW,E,2,13,70,70,1015.6,1016.7,NA,NA,20.7,19.8,No,No
2015-11-22,BadgerysCreek,15.8,21.1,0,NA,NA,NNE,19,SSW,N,2,9,75,71,1019.5,1016.6,NA,NA,19.4,19.9,No,No
2015-11-23,BadgerysCreek,13.1,29.2,0,NA,NA,ESE,35,NE,ESE,4,22,72,59,1012,1009.7,NA,NA,20.9,26.1,No,No
2015-11-24,BadgerysCreek,15.2,29,0,NA,NA,ENE,35,NNE,NNE,7,9,73,41,1017.2,1012.5,NA,NA,21.6,27.9,No,No
2015-11-25,BadgerysCreek,12.7,34.3,0,NA,NA,N,39,W,NNE,2,20,64,23,1013.1,1006,NA,NA,22.1,33.7,No,No
2015-11-26,BadgerysCreek,14.8,36.8,0,NA,NA,WNW,61,N,WNW,17,33,45,21,1000.1,1000.9,NA,NA,30.4,34.6,No,No
2015-11-27,BadgerysCreek,12.4,24.6,0,NA,NA,NE,31,ESE,E,4,17,63,58,1016.1,1012.7,NA,NA,20.1,23.4,No,No
2015-11-28,BadgerysCreek,17.3,23.1,0,NA,NA,NE,30,E,ENE,4,13,76,71,1016.7,1015.7,NA,NA,20.4,21,No,No
2015-11-29,BadgerysCreek,18.1,29.6,0,NA,NA,E,26,NNW,NE,4,7,94,59,1013.5,1008.8,NA,NA,20,26.6,No,No
2015-11-30,BadgerysCreek,14.7,32.4,0,NA,NA,E,28,NE,ESE,4,9,68,35,1012.3,1007.1,NA,NA,21.2,31.5,No,No
2015-12-01,BadgerysCreek,14.5,38.3,0,NA,NA,NNE,39,NE,NNE,4,11,65,24,1010.1,1005.6,NA,NA,23.5,35.6,No,No
2015-12-02,BadgerysCreek,18,26.1,0,NA,NA,SE,41,SE,SE,7,22,80,63,1015,1016.4,NA,NA,19.9,19.5,No,No
2015-12-03,BadgerysCreek,13.1,24.6,0,NA,NA,ENE,28,S,E,6,15,67,49,1027.2,1025,NA,NA,18.9,23.1,No,No
2015-12-04,BadgerysCreek,10.4,25.2,0,NA,NA,ENE,30,SSE,NNE,4,11,62,47,1026.4,1023.3,NA,NA,19.9,23.8,No,No
2015-12-05,BadgerysCreek,10.4,30.5,0,NA,NA,ENE,28,NNW,NE,4,6,68,31,1022.6,1017.3,NA,NA,19.5,29.7,No,No
2015-12-06,BadgerysCreek,13.1,32,0,NA,NA,ESE,43,SSE,NE,6,7,71,28,1020.2,1016.3,NA,NA,21.8,31.5,No,No
2015-12-07,BadgerysCreek,14.6,28.7,0,NA,NA,ESE,30,NNE,E,2,17,73,50,1021.3,1018.8,NA,NA,21.8,27.3,No,No
2015-12-08,BadgerysCreek,17.7,26,0,NA,NA,N,17,ENE,N,4,7,73,66,1018.6,1015.3,NA,NA,22.6,24.9,No,No
2015-12-09,BadgerysCreek,20.5,36,0,NA,NA,SE,31,N,WSW,7,7,87,36,1014.1,1011,NA,NA,23.5,34.7,No,No
2015-12-10,BadgerysCreek,19.3,30.3,0,NA,NA,ENE,30,NE,ENE,7,15,75,57,1015.3,1010,NA,NA,22.4,28.9,No,No
2015-12-11,BadgerysCreek,19.2,35.7,0,NA,NA,NW,56,NW,W,4,28,71,17,1005.9,1001.7,NA,NA,24.5,33.9,No,No
2015-12-12,BadgerysCreek,15.8,26.2,0,NA,NA,E,41,E,E,6,22,61,52,1014.5,1013.8,NA,NA,19.7,23.5,No,No
2015-12-13,BadgerysCreek,16.7,27.4,0,NA,NA,ENE,35,NNE,NNE,6,11,71,47,1019.3,1014.9,NA,NA,19.6,25.9,No,No
2015-12-14,BadgerysCreek,14.3,35.5,0,NA,NA,SSW,54,SW,S,2,11,65,13,1015.1,1011.6,NA,NA,23,34.7,No,No
2015-12-15,BadgerysCreek,14,32.9,0,NA,NA,SSE,39,S,NE,6,9,81,41,1015.4,1011,NA,NA,21.6,31.6,No,No
2015-12-16,BadgerysCreek,19.3,24.3,0,NA,NA,SSE,35,WNW,ENE,9,7,94,77,1015.1,1017.4,NA,NA,22.9,18.4,No,No
2015-12-17,BadgerysCreek,13.3,30.5,0,NA,NA,NNE,35,N,NNE,6,15,68,41,1018.6,1015.8,NA,NA,21.8,29.7,No,No
2015-12-18,BadgerysCreek,14.8,36.6,0,NA,NA,E,35,NNE,NE,4,9,67,22,1016.6,1012.2,NA,NA,23.9,36.3,No,No
2015-12-19,BadgerysCreek,16.4,39.1,0,NA,NA,NE,35,N,E,2,15,55,17,1014.4,1011,NA,NA,26.9,38.2,No,No
2015-12-20,BadgerysCreek,14.2,41.8,0,NA,NA,N,39,N,N,4,17,63,17,1013.3,1007.1,NA,NA,24.2,40.1,No,No
2015-12-21,BadgerysCreek,22.5,31.8,0,NA,NA,S,31,SSW,SE,4,15,47,93,1014.3,1016.7,NA,NA,29.6,21.7,No,No
2015-12-22,BadgerysCreek,15.6,21,0,NA,NA,WSW,24,WSW,WSW,17,6,98,100,1023.6,1021.6,NA,NA,16,17.9,No,No
2015-12-23,BadgerysCreek,15,24.8,0,NA,NA,E,30,SSE,ESE,9,15,75,60,1019.8,1017.3,NA,NA,20.7,23,No,No
2015-12-24,BadgerysCreek,14.9,26.6,0,NA,NA,E,33,SE,ESE,7,15,64,44,1020.1,1018.2,NA,NA,22.7,24.5,No,No
2015-12-25,BadgerysCreek,14.5,26.2,0,NA,NA,ENE,31,ENE,ENE,4,7,66,56,1018.6,1014.6,NA,NA,21.6,24,No,No
2015-12-26,BadgerysCreek,15.7,29.3,0,NA,NA,NNE,30,NNE,NNE,11,11,76,83,1009.3,1005.5,NA,NA,22,24.1,No,No
2015-12-27,BadgerysCreek,15.6,24,0,NA,NA,SE,37,S,ESE,19,17,73,45,1016.8,1018,NA,NA,17.8,23.1,No,No
2015-12-28,BadgerysCreek,14.9,23.4,0,NA,NA,SE,35,S,SE,15,17,64,51,1023.6,1022.6,NA,NA,18.9,23.1,No,No
2015-12-29,BadgerysCreek,13.1,27.1,0,NA,NA,E,30,SSW,NNE,9,9,60,39,1022.6,1019.8,NA,NA,20.5,25.6,No,No
2015-12-30,BadgerysCreek,10.9,29.2,0,NA,NA,ESE,28,SW,E,4,17,65,37,1019.7,1017.3,NA,NA,20.1,27.9,No,No
2015-12-31,BadgerysCreek,13.2,31.1,0,NA,NA,ENE,31,N,NNE,7,11,63,42,1019.4,1015.3,NA,NA,22,30.1,No,No
2016-01-01,BadgerysCreek,14.3,31.1,0,NA,NA,E,33,N,N,9,11,67,36,1016.4,1011.9,NA,NA,21.5,30.1,No,No
2016-01-02,BadgerysCreek,14.8,28.8,0,NA,NA,NNE,31,WNW,E,4,19,73,48,1013.2,1011.3,NA,NA,20.8,26.5,No,No
2016-01-03,BadgerysCreek,16.3,24.6,0,NA,NA,SE,37,SE,SSE,9,17,69,62,1015.3,1014.6,NA,NA,22,23.1,No,No
2016-01-04,BadgerysCreek,17.8,22.1,0,NA,NA,E,35,S,ENE,7,20,89,92,1016.9,1015.9,NA,NA,19.6,19.3,No,No
2016-01-05,BadgerysCreek,16.5,19.3,0,NA,NA,SE,31,SW,SSE,7,15,100,100,1017.2,1015,NA,NA,17.6,18.4,No,No
2016-01-06,BadgerysCreek,16.5,21.2,0,NA,NA,S,30,SSW,SW,9,13,100,100,1013,1011.9,NA,NA,16.8,18.2,No,No
2016-01-07,BadgerysCreek,15.6,25.2,0,NA,NA,NA,NA,SSW,SSW,22,24,69,54,1014.3,1015.1,NA,NA,21,24.7,No,No
2016-01-08,BadgerysCreek,NA,28.8,0,NA,NA,E,35,WNW,NNE,4,11,55,45,1020,1017.9,NA,NA,22.4,28,No,No
2016-01-09,BadgerysCreek,18,28.9,0,NA,NA,NNE,26,N,NE,6,13,74,54,1021.7,1017.9,NA,NA,20.9,27.2,No,No
2016-01-10,BadgerysCreek,15.7,32.4,0,NA,NA,ESE,31,NE,NE,6,9,73,45,1020.3,1016.1,NA,NA,22.8,31.3,No,No
2016-01-11,BadgerysCreek,17.4,NA,0,NA,NA,E,37,NNE,NE,4,7,77,36,1013.2,1009.1,NA,NA,24.1,36.1,No,Yes
2016-01-12,BadgerysCreek,19.7,34.6,5,NA,NA,SE,33,N,ESE,7,19,65,53,1010.3,1011.1,NA,NA,27,29.2,Yes,No
2016-01-13,BadgerysCreek,16.9,33.4,0,NA,NA,ESE,24,NNE,N,4,7,74,55,1019.3,1014.9,NA,NA,23.4,31.3,No,No
2016-01-14,BadgerysCreek,19.6,40.8,0,NA,NA,S,46,NNW,ENE,4,13,73,42,1011.5,1008.4,NA,NA,27.9,33.7,No,Yes
2016-01-15,BadgerysCreek,12.4,22.9,29.8,NA,NA,S,43,WSW,S,13,20,97,60,1024.8,1024.2,NA,NA,13.3,20.6,Yes,No
2016-01-16,BadgerysCreek,13.2,22.7,0.6,NA,NA,SSE,43,SSE,ESE,7,15,84,74,1027.6,1026.2,NA,NA,16.8,19.9,No,No
2016-01-17,BadgerysCreek,13.8,26.5,0.2,NA,NA,E,30,SSE,NE,7,9,64,51,1025.3,1022,NA,NA,20.8,24.4,No,No
2016-01-18,BadgerysCreek,14.5,29.5,0.2,NA,NA,ENE,28,SW,NNE,4,7,73,42,1020.4,1016.9,NA,NA,21,27.3,No,No
2016-01-19,BadgerysCreek,15.6,35,0,NA,NA,NNE,22,WSW,NNE,2,11,82,33,1017.3,1012.2,NA,NA,21.5,34,No,No
2016-01-20,BadgerysCreek,16.8,38.9,0,NA,NA,SSE,41,N,NNW,4,11,65,21,1012.5,1009.1,NA,NA,25.6,38.4,No,No
2016-01-21,BadgerysCreek,20.6,38.5,0,NA,NA,SW,46,NNW,NE,6,7,64,39,1010.6,1006.6,NA,NA,26.9,37.1,No,Yes
2016-01-22,BadgerysCreek,21.2,27.3,17.6,NA,NA,N,17,NNE,N,4,7,100,89,1010.3,1006.6,NA,NA,23.1,25.2,Yes,Yes
2016-01-23,BadgerysCreek,20.4,27.6,9.6,NA,NA,SSE,43,SW,S,11,19,69,66,1006.8,1008.5,NA,NA,25.8,25.3,Yes,Yes
2016-01-24,BadgerysCreek,18.7,24.6,2.8,NA,NA,SE,19,WSW,ENE,7,9,100,71,1013.6,1011.6,NA,NA,19.6,23.6,Yes,No
2016-01-25,BadgerysCreek,19.4,24.7,0,NA,NA,NE,19,SW,E,4,7,89,79,1014.7,1013.1,NA,NA,21.6,22.6,No,Yes
2016-01-26,BadgerysCreek,18.7,29.2,1.4,NA,NA,ENE,30,SE,E,4,17,99,58,1017.7,1016,NA,NA,21.8,28.3,Yes,No
2016-01-27,BadgerysCreek,18.9,24.3,0,NA,NA,NE,28,NA,ENE,0,6,90,83,1016.2,1013.8,NA,NA,21.6,22.7,No,No
2016-01-28,BadgerysCreek,20.1,31.5,0,NA,NA,SSW,102,NNE,E,7,4,85,58,1008,1003.7,NA,NA,22.3,30.1,No,Yes
2016-01-29,BadgerysCreek,17.9,27.8,16.8,NA,NA,WSW,46,ESE,ESE,6,9,95,80,1003,1001.8,NA,NA,22.9,24.7,Yes,Yes
2016-01-30,BadgerysCreek,17.4,29.1,33,NA,NA,ESE,98,WSW,ESE,4,17,83,69,1004.8,1001.7,NA,NA,22,28.5,Yes,Yes
2016-01-31,BadgerysCreek,16.5,28.9,38.4,NA,NA,W,33,NE,WNW,4,20,100,40,1004.2,1003.8,NA,NA,20.5,28.4,Yes,No
2016-02-01,BadgerysCreek,17.1,26.9,0.2,NA,NA,S,30,NA,SSW,0,11,88,62,1004,1002.2,NA,NA,19.7,23,No,No
2016-02-02,BadgerysCreek,13.5,28.6,0.8,NA,NA,ESE,33,SW,E,6,9,80,48,1006.4,1003.3,NA,NA,19.8,27.3,No,No
2016-02-03,BadgerysCreek,15.2,32.3,0,NA,NA,ESE,28,NA,NNW,0,6,83,45,1003.9,1001,NA,NA,21.1,31.3,No,Yes
2016-02-04,BadgerysCreek,17.8,24.9,2.8,NA,NA,S,54,SW,SSE,19,28,85,57,1012.5,1013,NA,NA,19.6,24.1,Yes,No
2016-02-05,BadgerysCreek,16.3,25.8,0,NA,NA,SSE,41,SSW,SSE,9,20,73,55,1018,1017.6,NA,NA,20.1,24.3,No,No
2016-02-06,BadgerysCreek,16.4,25.9,0,NA,NA,SE,33,SSW,ESE,15,17,76,64,1018.2,1016.5,NA,NA,20.6,25.2,No,Yes
2016-02-07,BadgerysCreek,15.9,27.9,2.6,NA,NA,E,26,WSW,E,7,9,81,63,1018.2,1015.9,NA,NA,21.5,25.6,Yes,No
2016-02-08,BadgerysCreek,15.4,30.1,0,NA,NA,E,28,SW,N,7,7,84,50,1019.2,1017.1,NA,NA,21.3,28.9,No,No
2016-02-09,BadgerysCreek,17,28.1,0,NA,NA,E,26,SW,E,11,13,80,58,1020.9,1018.8,NA,NA,22.6,27,No,No
2016-02-10,BadgerysCreek,15.3,30.8,0,NA,NA,ENE,24,NW,N,2,6,87,48,1016.5,1012.2,NA,NA,20.6,29.4,No,No
2016-02-11,BadgerysCreek,16.6,29.9,0,NA,NA,ENE,28,E,ENE,2,13,81,52,1015.6,1013.1,NA,NA,22.2,29.5,No,No
2016-02-12,BadgerysCreek,18.6,31.1,0,NA,NA,ESE,30,ESE,NE,2,11,83,48,1016.9,1014,NA,NA,23.5,30.2,No,No
2016-02-13,BadgerysCreek,16.9,32.7,0,NA,NA,N,24,NNE,N,7,13,85,43,1014.5,1010.2,NA,NA,22.3,31.1,No,No
2016-02-14,BadgerysCreek,17.8,38.1,0,NA,NA,E,37,NA,ENE,0,7,88,34,1008.5,1004.8,NA,NA,22.4,36.5,No,No
2016-02-15,BadgerysCreek,20.8,31.7,0,NA,NA,ENE,31,SW,ENE,6,15,77,55,1011.7,1006.6,NA,NA,23.7,30.3,No,No
2016-02-16,BadgerysCreek,15.1,28.5,0,NA,NA,SE,35,SSE,ESE,9,22,56,58,1009.4,1008.1,NA,NA,22.3,26.3,No,No
2016-02-17,BadgerysCreek,16.7,26.7,0,NA,NA,E,33,SSE,SE,7,6,68,49,1011.5,1007.5,NA,NA,19.6,24.8,No,No
2016-02-18,BadgerysCreek,13,28.7,0,NA,NA,ENE,28,WSW,NNE,7,7,74,48,1010,1007.8,NA,NA,19.2,27.9,No,No
2016-02-19,BadgerysCreek,18,33.6,0,NA,NA,E,28,NA,N,0,13,84,43,1012.4,1008.9,NA,NA,22.4,32.6,No,No
2016-02-20,BadgerysCreek,21.7,29.2,0,NA,NA,SSW,65,SSW,ESE,11,17,79,63,1018.2,1017.7,NA,NA,23,27.1,No,Yes
2016-02-21,BadgerysCreek,18.9,29.6,6.4,NA,NA,ENE,28,SE,ENE,7,13,90,64,1025.4,1023.8,NA,NA,21.9,28.6,Yes,No
2016-02-22,BadgerysCreek,17.5,31.4,0,NA,NA,NE,30,WSW,N,2,9,95,51,1025.3,1021.2,NA,NA,21.4,30,No,No
2016-02-23,BadgerysCreek,16.3,32.7,0,NA,NA,N,24,ESE,N,4,13,87,33,1021.3,1016.8,NA,NA,22.4,31.7,No,No
2016-02-24,BadgerysCreek,16.1,36.6,0,NA,NA,ENE,28,ENE,NNE,2,9,92,24,1016.1,1012,NA,NA,21.3,35.2,No,No
2016-02-25,BadgerysCreek,17.1,39.9,0,NA,NA,SW,31,NA,N,0,11,84,25,1012.2,1008.3,NA,NA,23.1,39.1,No,No
2016-02-26,BadgerysCreek,20.3,27.7,0,NA,NA,ESE,28,SSW,ESE,17,13,75,65,1015.6,1015.2,NA,NA,24.2,26.7,No,No
2016-02-27,BadgerysCreek,19,29.3,0,NA,NA,ESE,33,SE,ESE,9,20,75,53,1019.4,1018.1,NA,NA,23.6,27.7,No,No
2016-02-28,BadgerysCreek,16.4,30.3,0,NA,NA,E,31,E,E,4,6,86,43,1018.7,1016.2,NA,NA,21.5,29.5,No,No
2016-02-29,BadgerysCreek,16.8,28.3,0,NA,NA,ESE,30,S,ENE,7,20,82,65,1021.2,1019.8,NA,NA,21.5,27.3,No,No
2016-03-01,BadgerysCreek,17,30.6,0,NA,NA,ENE,26,S,NNE,2,15,100,50,1022,1019.2,NA,NA,21.4,28.9,No,No
2016-03-02,BadgerysCreek,15.4,33.5,0,NA,NA,ENE,30,N,ENE,2,11,94,38,1021.4,1018,NA,NA,19.8,32.4,No,No
2016-03-03,BadgerysCreek,18.4,34.5,0,NA,NA,E,31,NE,NNE,4,11,87,38,1021.3,1018.3,NA,NA,23,32.7,No,No
2016-03-04,BadgerysCreek,17.4,31.4,0,NA,NA,ENE,30,SSE,NE,4,11,87,49,1022,1018.9,NA,NA,23.4,30,No,No
2016-03-05,BadgerysCreek,15.3,33,0,NA,NA,E,28,ENE,NE,2,11,98,32,1021.7,1018.2,NA,NA,19.8,31.7,No,No
2016-03-06,BadgerysCreek,15.3,32.3,0,NA,NA,ENE,30,WSW,NNE,6,9,93,49,1023,1019.8,NA,NA,21,31.7,No,No
2016-03-07,BadgerysCreek,17.2,33,0,NA,NA,E,28,SE,ENE,4,9,94,43,1021.4,1017.8,NA,NA,21.6,31.6,No,No
2016-03-08,BadgerysCreek,17.8,31.5,0,NA,NA,ENE,35,SSE,E,2,22,80,41,1023.5,1021.3,NA,NA,23.9,30.2,No,No
2016-03-09,BadgerysCreek,19.4,35.5,0,NA,NA,NNE,24,NNE,E,4,11,85,46,1021.4,1016.8,NA,NA,23.7,33.6,No,No
2016-03-10,BadgerysCreek,19.3,31.9,0,NA,NA,ESE,26,SW,ESE,4,15,87,56,1019.9,1018.3,NA,NA,24.1,31.3,No,No
2016-03-11,BadgerysCreek,21.4,30.8,0.2,NA,NA,SW,26,S,SW,4,13,94,64,1019.9,1017.8,NA,NA,23,27.8,No,No
2016-03-12,BadgerysCreek,18.9,34.1,0,NA,NA,E,30,WNW,NE,4,7,83,38,1019.7,1016.7,NA,NA,23.4,33.5,No,No
2016-03-13,BadgerysCreek,19,31.3,0,NA,NA,E,28,E,ENE,2,7,81,44,1020.7,1017,NA,NA,23.4,30.1,No,No
2016-03-14,BadgerysCreek,19.4,33.1,0,NA,NA,SSE,52,NA,SE,0,24,96,59,1016.3,1013.2,NA,NA,21.7,28.6,No,Yes
2016-03-15,BadgerysCreek,20.2,27.3,5,NA,NA,S,31,SSW,SE,11,13,80,59,1019.9,1018.5,NA,NA,21.1,26.8,Yes,Yes
2016-03-16,BadgerysCreek,17.8,27.9,1.2,NA,NA,SSE,30,SW,SSE,11,13,93,52,1020.2,1017.5,NA,NA,19.2,26.7,Yes,Yes
2016-03-17,BadgerysCreek,17.9,28.2,4.8,NA,NA,E,30,SW,E,6,9,94,60,1017,1012.1,NA,NA,20.9,26.9,Yes,No
2016-03-18,BadgerysCreek,16.2,28.9,0,NA,NA,WNW,44,N,N,4,19,100,65,1003.3,996.4,NA,NA,18.9,27.6,No,No
2016-03-19,BadgerysCreek,11.7,24.8,0.8,NA,NA,SE,31,SSW,S,2,6,51,31,1011,1010.5,NA,NA,17.8,23.8,No,No
2016-03-20,BadgerysCreek,15.3,24.9,0,NA,NA,SE,37,SW,SSE,15,13,62,55,1017.6,1016,NA,NA,17,21.9,No,Yes
2016-03-21,BadgerysCreek,14.8,22.4,1.4,NA,NA,ESE,28,SW,S,13,17,81,67,1018.6,1016.7,NA,NA,16.4,19.7,Yes,Yes
2016-03-22,BadgerysCreek,13.2,25.5,1.4,NA,NA,SSW,43,SW,SSW,22,19,68,47,1017.7,1015,NA,NA,18,24.9,Yes,No
2016-03-23,BadgerysCreek,12.1,28,0,NA,NA,E,28,SW,NE,9,6,79,37,1018.2,1015.8,NA,NA,17.4,26.9,No,No
2016-03-24,BadgerysCreek,12.8,30.1,0,NA,NA,E,28,SE,NNE,4,13,94,30,1020.8,1018.1,NA,NA,16.9,29.2,No,No
2016-03-25,BadgerysCreek,13.9,26.2,0,NA,NA,S,17,NA,NNE,0,6,88,55,1018.9,1016.2,NA,NA,17.8,23.8,No,No
2016-03-26,BadgerysCreek,14.4,29,0,NA,NA,ESE,28,SW,ESE,4,7,83,45,1018.7,1014.8,NA,NA,19,28.5,No,No
2016-03-27,BadgerysCreek,15.1,28.1,0,NA,NA,ESE,31,NNW,E,6,19,98,60,1018.2,1016.1,NA,NA,19.9,25.7,No,Yes
2016-03-28,BadgerysCreek,17.5,26.4,1.4,NA,NA,ESE,20,SW,NE,7,11,93,68,1018.7,1015.1,NA,NA,20,25.2,Yes,No
2016-03-29,BadgerysCreek,18.9,23.6,0,NA,NA,SSW,15,SSW,WNW,4,6,86,98,1017.9,1016.6,NA,NA,20.4,20.3,No,Yes
2016-03-30,BadgerysCreek,16,27.3,15.2,NA,NA,W,24,WSW,SSW,4,4,100,43,1014.9,1012.1,NA,NA,19,24.9,Yes,No
2016-03-31,BadgerysCreek,11.4,26.7,0.2,NA,NA,ESE,26,NNE,SE,2,6,74,40,1017.3,1015.6,NA,NA,17.3,25.6,No,No
2016-04-01,BadgerysCreek,14.5,28.6,0,NA,NA,N,26,WSW,NNE,4,11,91,42,1019.1,1014.6,NA,NA,17.4,28,No,No
2016-04-02,BadgerysCreek,12.8,30.6,0,NA,NA,S,30,NA,S,0,9,100,25,1016.8,1014.6,NA,NA,16.4,30,No,No
2016-04-03,BadgerysCreek,14.8,26.8,0,NA,NA,SE,30,SSW,ESE,6,20,71,62,1024.9,1021.2,NA,NA,21.6,24.8,No,No
2016-04-04,BadgerysCreek,17.5,25.5,0.2,NA,NA,ENE,26,SW,E,11,15,87,68,1023.1,1019,NA,NA,19.9,24.6,No,No
2016-04-05,BadgerysCreek,15.3,31,0,NA,NA,ENE,28,NA,NNE,0,15,100,43,1020.2,1013.7,NA,NA,18.4,30.7,No,No
2016-04-06,BadgerysCreek,14.1,36,0,NA,NA,NNW,43,ESE,NW,4,26,78,27,1016,1010.7,NA,NA,22.8,35.5,No,No
2016-04-07,BadgerysCreek,18,20.8,0.2,NA,NA,SSE,20,SE,ESE,11,11,67,58,1023.2,1022.2,NA,NA,19.3,19.8,No,No
2016-04-08,BadgerysCreek,16.3,22.1,0,NA,NA,NE,15,W,E,2,4,75,80,1023.4,1021.4,NA,NA,18.1,19.9,No,No
2016-04-09,BadgerysCreek,12.8,26.5,0.4,NA,NA,E,24,WSW,NE,9,9,74,50,1022,1018,NA,NA,19.6,25.5,No,No
2016-04-10,BadgerysCreek,10.9,29.3,0,NA,NA,NE,17,SSW,N,4,7,79,33,1019.6,1014.8,NA,NA,18.7,28.3,No,No
2016-04-11,BadgerysCreek,10.5,27.7,0,NA,NA,ESE,31,W,ESE,2,20,58,40,1017.8,1015.6,NA,NA,19.6,25.6,No,Yes
2016-04-12,BadgerysCreek,16,23.2,2.6,NA,NA,ESE,24,ESE,ESE,6,9,82,64,1023.3,1021.4,NA,NA,18.6,21.4,Yes,No
2016-04-13,BadgerysCreek,13,24.6,0.2,NA,NA,ESE,24,SW,ENE,7,13,75,65,1027.7,1025.8,NA,NA,19.1,21.4,No,No
2016-04-14,BadgerysCreek,12.4,24.1,0,NA,NA,ENE,24,W,ENE,4,15,98,71,1030.2,1027.1,NA,NA,17.1,21.9,No,No
2016-04-15,BadgerysCreek,13,28.6,0,NA,NA,NNE,24,N,NE,6,9,85,35,1026.3,1020.6,NA,NA,19.3,27.8,No,No
2016-04-16,BadgerysCreek,11.5,29.5,0,NA,NA,ESE,26,NA,E,0,13,100,41,1021,1017,NA,NA,17.9,28,No,No
2016-04-17,BadgerysCreek,16.2,23.8,0.2,NA,NA,SE,24,SSW,ESE,11,11,80,73,1022.5,1020.3,NA,NA,19.2,20.4,No,No
2016-04-18,BadgerysCreek,13,24.2,0,NA,NA,ESE,31,SW,SSE,17,15,74,69,1022,1019.3,NA,NA,19.5,20.9,No,Yes
2016-04-19,BadgerysCreek,14.4,25.9,1.4,NA,NA,E,24,SW,ESE,7,11,88,63,1021.9,1019.5,NA,NA,19.1,23.8,Yes,No
2016-04-20,BadgerysCreek,12.7,26.9,0.2,NA,NA,ESE,24,SW,NE,4,9,100,50,1024.6,1021.2,NA,NA,18.2,25.8,No,No
2016-04-21,BadgerysCreek,13.8,28.8,0,NA,NA,NNE,20,NA,NNE,0,9,100,42,1023.1,1018.2,NA,NA,17.6,28.5,No,No
2016-04-22,BadgerysCreek,11.6,26.4,0.2,NA,NA,WSW,41,ESE,WSW,2,7,78,78,1020.2,1019.4,NA,NA,19.5,18.3,No,Yes
2016-04-23,BadgerysCreek,13.9,20.7,1.6,NA,NA,S,37,SSW,S,20,22,67,59,1024.8,1024.7,NA,NA,18.3,19.7,Yes,Yes
2016-04-24,BadgerysCreek,14,22.8,1.8,NA,NA,ESE,28,SW,SE,7,13,87,52,1030.2,1028.9,NA,NA,17.8,21.6,Yes,No
2016-04-25,BadgerysCreek,9.8,24.5,0.2,NA,NA,NNE,20,SW,NNE,9,9,85,46,1032.1,1028.8,NA,NA,16.8,23.4,No,No
2016-04-26,BadgerysCreek,9.1,25.1,0,NA,NA,ENE,22,SSW,NE,6,9,86,49,1030.9,1026.9,NA,NA,17.1,24.6,No,No
2016-04-27,BadgerysCreek,8.8,25.7,0.2,NA,NA,NNE,30,NA,NNE,0,19,100,45,1028,1022.6,NA,NA,15.1,25.4,No,No
2016-04-28,BadgerysCreek,10.8,27.2,0,NA,NA,NNE,15,NNE,NE,2,7,100,44,1025.1,1020.9,NA,NA,14.9,26.8,No,No
2016-04-29,BadgerysCreek,9.8,25,0,NA,NA,NNE,13,SSW,NNE,6,7,100,54,1022.9,1017.9,NA,NA,16.2,24,No,No
2016-04-30,BadgerysCreek,15.9,25.5,1,NA,NA,N,17,NNW,N,2,7,100,66,1018.7,1015.5,NA,NA,17.9,24.1,No,No
2016-05-01,BadgerysCreek,11.9,29.4,0.8,NA,NA,WNW,50,N,W,9,22,100,35,1013.2,1009.2,NA,NA,17.8,28.8,No,No
2016-05-02,BadgerysCreek,6.5,23.2,0.2,NA,NA,NNE,19,SSW,NNE,2,7,66,44,1017.1,1012.2,NA,NA,15.8,21.9,No,No
2016-05-03,BadgerysCreek,4.8,26.2,0,NA,NA,NW,41,W,NW,2,20,63,25,1012.6,1006.3,NA,NA,16.3,25.7,No,No
2016-05-04,BadgerysCreek,7.1,25.5,0,NA,NA,ESE,26,WNW,ENE,4,6,66,37,1015.3,1013.7,NA,NA,15.9,25.1,No,No
2016-05-05,BadgerysCreek,7,24.2,0,NA,NA,N,19,S,NNE,2,9,69,39,1020.8,1016.5,NA,NA,16,23.6,No,No
2016-05-06,BadgerysCreek,6.9,26.8,0,NA,NA,WNW,19,W,N,4,11,69,32,1019.6,1016.7,NA,NA,17.7,25.9,No,No
2016-05-07,BadgerysCreek,5.8,26.1,0,NA,NA,NE,20,NA,NE,0,9,100,48,1021.4,1017.9,NA,NA,12.7,24.6,No,No
2016-05-08,BadgerysCreek,12.7,20.1,0,NA,NA,S,13,NA,NA,0,0,100,82,1018.3,1013.9,NA,NA,16.5,19.7,No,Yes
2016-05-09,BadgerysCreek,16.4,21.3,6.8,NA,NA,NW,41,N,NNE,6,26,100,86,1008.5,1002.6,NA,NA,17.1,20.9,Yes,No
2016-05-10,BadgerysCreek,14.1,24.3,0.2,NA,NA,NW,52,NW,NW,9,20,51,46,1006.5,1005,NA,NA,20.9,22.2,No,No
2016-05-11,BadgerysCreek,5.9,22.8,0,NA,NA,WSW,35,ENE,WSW,4,26,60,36,1015.4,1012.6,NA,NA,14.6,19.3,No,No
2016-05-12,BadgerysCreek,11.2,24.3,0,NA,NA,WSW,52,ESE,W,4,17,50,44,1014.3,1014.4,NA,NA,19.3,22.4,No,No
2016-05-13,BadgerysCreek,8.9,25.6,0,NA,NA,SW,28,N,SW,4,15,68,37,1022.1,1019.5,NA,NA,17.2,25,No,No
2016-05-14,BadgerysCreek,4.3,26.7,0,NA,NA,NE,15,WSW,NNE,2,7,91,25,1024,1019.5,NA,NA,13,25.9,No,No
2016-05-15,BadgerysCreek,5.9,24.3,0,NA,NA,NNE,20,NNW,N,4,9,83,42,1017.4,1013.5,NA,NA,11.9,23,No,No
2016-05-16,BadgerysCreek,6.5,24.7,0,NA,NA,NNE,28,NNE,NNE,4,17,73,47,1022,1017,NA,NA,16.9,22.9,No,No
2016-05-17,BadgerysCreek,8.6,27.8,0,NA,NA,WSW,39,SE,WSW,4,20,79,26,1017,1014.5,NA,NA,16,26.8,No,No
2016-05-18,BadgerysCreek,4.8,21.2,0,NA,NA,SSW,26,WSW,N,6,9,78,37,1019.1,1015.1,NA,NA,10.9,20,No,No
2016-05-19,BadgerysCreek,4.9,23.1,0,NA,NA,WSW,35,N,WSW,4,22,67,33,1017.9,1013.8,NA,NA,13.3,21.9,No,No
2016-05-20,BadgerysCreek,5.9,24,0,NA,NA,WSW,31,E,S,2,13,69,37,1020.8,1018.7,NA,NA,15.5,23.4,No,No
2016-05-21,BadgerysCreek,8.9,22.5,0,NA,NA,NNE,24,WSW,NNE,4,15,82,58,1027.4,1023.6,NA,NA,14.5,20.7,No,No
2016-05-22,BadgerysCreek,8.9,24.8,0,NA,NA,NE,19,NA,NE,0,7,100,49,1024.6,1019.8,NA,NA,13.5,24,No,No
2016-05-23,BadgerysCreek,7.5,27.1,0,NA,NA,WSW,48,N,WSW,13,31,75,23,1013.7,1013.5,NA,NA,18.5,22.1,No,No
2016-05-24,BadgerysCreek,3,22.1,0,NA,NA,SW,44,WSW,SW,2,26,72,26,1018.4,1014.1,NA,NA,10.9,20.5,No,No
2016-05-25,BadgerysCreek,2.9,20.3,0,NA,NA,NNE,19,NNE,N,2,6,78,31,1018,1013.2,NA,NA,10.4,19.7,No,No
2016-05-26,BadgerysCreek,9.3,20.5,0.4,NA,NA,WNW,41,NNE,WNW,6,17,82,52,1006.3,1000.3,NA,NA,12.2,19.4,No,No
2016-05-27,BadgerysCreek,9.6,18.2,0,NA,NA,W,63,WSW,WSW,13,31,40,34,1003.5,1002.5,NA,NA,14.7,16.9,No,No
2016-05-28,BadgerysCreek,2.5,15.8,0,NA,NA,WSW,37,W,WSW,4,4,95,74,1007.4,1006.2,NA,NA,7.9,15.3,No,Yes
2016-05-29,BadgerysCreek,3.1,19.5,3.4,NA,NA,WSW,33,S,SW,4,13,68,29,1017.2,1016.1,NA,NA,11.8,19.1,Yes,No
2016-05-30,BadgerysCreek,0.9,19.2,0,NA,NA,WSW,19,WSW,ESE,13,6,70,32,1025.8,1024.1,NA,NA,9,17.7,No,No
2016-05-31,BadgerysCreek,3.5,18.4,0,NA,NA,S,20,WSW,E,7,9,82,85,1029.7,1027.4,NA,NA,11.5,15,No,Yes
2016-06-01,BadgerysCreek,10.4,16.5,1.6,NA,NA,WSW,15,SW,SSE,7,7,99,71,1029.1,1026.3,NA,NA,12.6,16.1,Yes,No
2016-06-02,BadgerysCreek,8.4,20.1,0.2,NA,NA,E,20,SW,ENE,6,4,93,52,1027,1024,NA,NA,12.9,19.8,No,No
2016-06-03,BadgerysCreek,7.9,17.9,0,NA,NA,S,17,SW,SE,7,7,82,72,1025.8,1021.7,NA,NA,13.5,17.5,No,Yes
2016-06-04,BadgerysCreek,13.2,18.5,9.8,NA,NA,ENE,48,E,NE,6,26,100,86,1015.7,1009,NA,NA,14.7,18.1,Yes,Yes
2016-06-05,BadgerysCreek,14.5,18.1,100.2,NA,NA,ENE,56,ENE,ENE,28,2,100,100,1002.5,996.9,NA,NA,17.7,17.1,Yes,Yes
2016-06-06,BadgerysCreek,13.4,17.7,109.2,NA,NA,WSW,57,W,WSW,15,28,59,51,1000.4,998.9,NA,NA,14.6,16.9,Yes,No
2016-06-07,BadgerysCreek,8,20.2,0,NA,NA,W,48,N,WNW,7,24,72,48,1003.6,1003.3,NA,NA,13.5,16.9,No,No
2016-06-08,BadgerysCreek,5.9,20.6,0,NA,NA,WNW,31,NNE,NW,7,11,78,51,1011.5,1009.7,NA,NA,13.6,17.9,No,No
2016-06-09,BadgerysCreek,11.8,22.2,0,NA,NA,WNW,57,N,WNW,15,28,66,40,1007.1,1006,NA,NA,18.6,21,No,No
2016-06-10,BadgerysCreek,7.3,21.3,0,NA,NA,W,26,W,W,2,7,76,49,1017.6,1017,NA,NA,14.7,18.8,No,No
2016-06-11,BadgerysCreek,6.3,19.7,0,NA,NA,W,41,NNW,WSW,7,19,64,43,1023,1021,NA,NA,13.6,18.5,No,No
2016-06-12,BadgerysCreek,3.4,16.9,0,NA,NA,WSW,24,SW,SW,17,7,70,32,1036.8,1035.2,NA,NA,9.8,16,No,No
2016-06-13,BadgerysCreek,2.9,19.4,0,NA,NA,NNE,24,N,NNE,6,17,87,52,1039.2,1035.1,NA,NA,8.7,18.4,No,No
2016-06-14,BadgerysCreek,3.4,21.2,0,NA,NA,WSW,13,NA,NW,0,4,100,46,1036,1031.5,NA,NA,9.4,21,No,No
2016-06-15,BadgerysCreek,5.8,20,0,NA,NA,NNE,20,WSW,N,6,7,82,48,1033.8,1029.7,NA,NA,10.4,19,No,No
2016-06-16,BadgerysCreek,2.9,20.4,0,NA,NA,NW,24,NA,NNE,0,9,100,49,1025.7,1019.1,NA,NA,8.1,20.3,No,No
2016-06-17,BadgerysCreek,5.5,17.9,0,NA,NA,N,17,NW,N,4,9,99,76,1018,1014.1,NA,NA,8.6,17.5,No,Yes
2016-06-18,BadgerysCreek,8.6,18.5,5,NA,NA,S,13,W,SSW,2,6,100,85,1017.4,1015.9,NA,NA,12.6,17,Yes,No
2016-06-19,BadgerysCreek,11.8,16.2,0.4,NA,NA,NNE,20,SSW,ESE,6,7,97,100,1017.3,1010.1,NA,NA,14.2,15.4,No,Yes
2016-06-20,BadgerysCreek,11.8,19.2,23.6,NA,NA,NW,41,NW,NW,6,20,100,59,999.4,994.5,NA,NA,13.5,16.4,Yes,No
2016-06-21,BadgerysCreek,11,17.8,0,NA,NA,WNW,54,NW,WNW,24,28,54,47,1003.2,1002.3,NA,NA,15.6,15.5,No,No
2016-06-22,BadgerysCreek,10.2,19.5,0,NA,NA,WNW,37,W,W,19,20,53,42,1004.2,1005.7,NA,NA,16.3,18.1,No,No
2016-06-23,BadgerysCreek,5.8,18.2,0,NA,NA,WNW,35,NNE,WNW,7,19,78,49,1012.4,1007.1,NA,NA,9.5,15.8,No,No
2016-06-24,BadgerysCreek,8.8,16.2,0,NA,NA,W,74,WNW,W,26,37,59,44,1004.3,1003.5,NA,NA,13.8,12.7,No,No
2016-06-25,BadgerysCreek,3.3,14.1,0,NA,NA,WSW,44,WSW,WSW,19,20,51,36,1018.7,1018.4,NA,NA,8.9,13.3,No,No
2016-06-26,BadgerysCreek,-0.2,14.7,0,NA,NA,S,13,SSW,N,6,4,82,47,1021,1017.1,NA,NA,6.5,13.8,No,No
2016-06-27,BadgerysCreek,5.9,12.2,0.4,NA,NA,WSW,35,W,WSW,6,22,93,62,1015.8,1014,NA,NA,7.5,11.5,No,No
2016-06-28,BadgerysCreek,7,16.1,0,NA,NA,SW,39,SW,SW,13,20,60,45,1023.7,1023.5,NA,NA,10.9,15.4,No,No
2016-06-29,BadgerysCreek,0,18.6,0,NA,NA,NNE,15,W,N,4,4,88,39,1028.6,1025.2,NA,NA,8.1,18,No,No
2016-06-30,BadgerysCreek,-1.4,13.3,0,NA,NA,N,24,NE,W,2,6,100,65,1021.1,1015,NA,NA,4.3,11.1,No,No
2016-07-01,BadgerysCreek,2.9,16.1,0,NA,NA,SW,52,NA,WSW,0,19,59,42,1015.8,1016.6,NA,NA,11.3,15.8,No,No
2016-07-02,BadgerysCreek,1.9,17.3,0,NA,NA,SW,26,NA,SW,0,13,85,46,1025.7,1023.4,NA,NA,9.2,16.6,No,No
2016-07-03,BadgerysCreek,-0.1,17.6,0,NA,NA,NNE,13,NA,NNE,0,6,100,42,1026.7,1022.3,NA,NA,6.6,16.9,No,No
2016-07-04,BadgerysCreek,-1.9,14.3,0,NA,NA,N,11,WSW,NE,2,4,100,53,1020.8,1016,NA,NA,5.1,13.7,No,Yes
2016-07-05,BadgerysCreek,3.6,16.1,4.2,NA,NA,NW,30,NNW,WSW,2,4,100,83,1011.7,1006.1,NA,NA,7.8,14.9,Yes,No
2016-07-06,BadgerysCreek,6.9,17.3,0.2,NA,NA,W,57,N,WSW,7,24,56,56,1004.1,1003.7,NA,NA,13.6,15.2,No,No
2016-07-07,BadgerysCreek,12.4,18.1,0.4,NA,NA,SW,46,SW,SSW,17,17,94,75,1016.2,1017,NA,NA,13.8,15.9,No,Yes
2016-07-08,BadgerysCreek,11.2,16.5,1.4,NA,NA,S,20,SW,NE,9,2,97,96,1020.4,1018.7,NA,NA,12.5,14,Yes,Yes
2016-07-09,BadgerysCreek,7.8,17.8,1.6,NA,NA,WSW,19,SW,S,9,2,88,74,1023.6,1022.5,NA,NA,12.2,14.9,Yes,No
2016-07-10,BadgerysCreek,8.5,18.8,0.4,NA,NA,NE,22,SW,NNE,9,13,100,64,1025.2,1020.6,NA,NA,13.2,17.6,No,No
2016-07-11,BadgerysCreek,9.6,19.9,0,NA,NA,NW,63,N,N,9,26,96,54,1014.6,1010.2,NA,NA,12.4,19.2,No,No
2016-07-12,BadgerysCreek,8.4,20,0,NA,NA,W,56,WNW,NW,17,35,48,32,1010.2,1007.3,NA,NA,15.9,18,No,No
2016-07-13,BadgerysCreek,7,13.6,0,NA,NA,WSW,59,W,W,20,30,44,35,1018.8,1019.6,NA,NA,10.5,12.9,No,No
2016-07-14,BadgerysCreek,0.3,16.7,0,NA,NA,W,39,NNE,WSW,4,13,76,32,1029.7,1025.9,NA,NA,7,16.1,No,No
2016-07-15,BadgerysCreek,-0.5,18.1,0,NA,NA,SW,19,NNE,S,4,4,80,40,1030.5,1027.1,NA,NA,8.8,17,No,No
2016-07-16,BadgerysCreek,1.1,18.9,0,NA,NA,E,17,NA,ENE,0,6,100,59,1033.4,1030.2,NA,NA,7.2,17.6,No,No
2016-07-17,BadgerysCreek,7.2,20.4,0.8,NA,NA,NNE,20,SW,N,6,11,100,65,1031.4,1026.9,NA,NA,13.2,18.5,No,No
2016-07-18,BadgerysCreek,4.2,24.4,0.2,NA,NA,WNW,28,NA,WNW,0,19,100,48,1024.8,1019.7,NA,NA,8.4,23.7,No,No
2016-07-19,BadgerysCreek,8.2,25.2,0,NA,NA,N,17,NNW,N,2,7,100,57,1021.8,1019.2,NA,NA,13,24.1,No,Yes
2016-07-20,BadgerysCreek,13,16.4,19,NA,NA,S,28,SSW,WSW,11,7,100,100,1020.3,1018.7,NA,NA,15.6,15.9,Yes,Yes
2016-07-21,BadgerysCreek,11.7,19.9,13.2,NA,NA,SW,19,SW,SE,9,6,98,76,1020.1,1015.6,NA,NA,15,18.6,Yes,No
2016-07-22,BadgerysCreek,8,25.7,0,NA,NA,NW,57,N,NW,15,31,100,51,1008.6,1001.2,NA,NA,15.1,24.8,No,Yes
2016-07-23,BadgerysCreek,13.1,17.1,3.2,NA,NA,W,65,WNW,W,31,31,45,36,1003.9,1004.2,NA,NA,13.8,16.1,Yes,No
2016-07-24,BadgerysCreek,2.6,14.4,0,NA,NA,NW,28,NNW,WSW,7,17,78,42,1016,1012.3,NA,NA,5.5,13.6,No,No
2016-07-25,BadgerysCreek,1,17,0,NA,NA,WNW,44,WNW,W,24,19,55,41,1012.2,1012,NA,NA,12.6,16.1,No,No
2016-07-26,BadgerysCreek,7.7,19.3,0,NA,NA,WNW,39,S,WNW,6,20,63,34,1014.3,1013,NA,NA,13.4,18.3,No,No
2016-07-27,BadgerysCreek,6.5,18.1,0,NA,NA,WNW,50,N,WSW,15,20,56,43,1012.3,1013.9,NA,NA,15.1,17.1,No,No
2016-07-28,BadgerysCreek,2.3,19.6,0,NA,NA,SW,24,SW,NNW,11,6,68,45,1024.2,1020.6,NA,NA,11.2,18.9,No,No
2016-07-29,BadgerysCreek,1.2,18.5,0,NA,NA,WSW,31,NA,WSW,0,20,81,40,1023.2,1018.1,NA,NA,9.1,18.2,No,No
2016-07-30,BadgerysCreek,2.4,19.3,0,NA,NA,NNE,20,NA,N,0,9,79,52,1023.5,1020,NA,NA,10.3,18.3,No,No
2016-07-31,BadgerysCreek,6.1,20.6,0,NA,NA,S,20,N,SW,4,9,100,42,1018.2,1015.3,NA,NA,9.2,19.9,No,No
2016-08-01,BadgerysCreek,7,15.9,0,NA,NA,W,11,SSE,NA,2,0,81,77,1017.5,1012.9,NA,NA,12.3,14.9,No,No
2016-08-02,BadgerysCreek,7.8,14,0.2,NA,NA,S,37,SSE,SW,6,13,100,100,1014,1014.8,NA,NA,11.9,9.5,No,Yes
2016-08-03,BadgerysCreek,8.7,14.8,16.6,NA,NA,SSW,46,SSW,S,20,19,83,66,1018.8,1018.7,NA,NA,11.2,14,Yes,No
2016-08-04,BadgerysCreek,9.8,16.5,0,NA,NA,S,44,SSW,SSW,24,22,85,67,1024.9,1025.7,NA,NA,11,14,No,Yes
2016-08-05,BadgerysCreek,7.8,16.3,3.2,NA,NA,SW,26,SW,SSE,13,11,82,70,1031,1028.2,NA,NA,11.8,14.5,Yes,No
2016-08-06,BadgerysCreek,6,17,0,NA,NA,ESE,19,SW,E,6,11,88,66,1029.1,1026.4,NA,NA,11.5,15.5,No,No
2016-08-07,BadgerysCreek,7.7,18.3,0,NA,NA,S,31,SSW,E,2,11,97,61,1027.3,1024.5,NA,NA,11.7,16.6,No,Yes
2016-08-08,BadgerysCreek,3.6,19.4,1.4,NA,NA,SSW,15,WSW,SE,11,7,97,46,1026.4,1022.5,NA,NA,10,17.7,Yes,No
2016-08-09,BadgerysCreek,2.2,18.1,0,NA,NA,W,15,WSW,NNE,2,7,100,55,1022.9,1017.7,NA,NA,8,17,No,No
2016-08-10,BadgerysCreek,7,25,0,NA,NA,NW,43,N,WNW,13,20,71,35,1015.7,1011.1,NA,NA,15.5,24.6,No,No
2016-08-11,BadgerysCreek,5,19.4,0,NA,NA,W,35,NW,WSW,6,20,56,35,1018.8,1017.2,NA,NA,14.3,18.6,No,No
2016-08-12,BadgerysCreek,1,17.8,0,NA,NA,NNE,24,WNW,NNE,2,13,62,41,1024.4,1019.3,NA,NA,9.7,16.7,No,No
2016-08-13,BadgerysCreek,4.6,19.6,0,NA,NA,SW,33,WSW,WSW,15,20,56,37,1022.5,1020.2,NA,NA,13.6,19.1,No,No
2016-08-14,BadgerysCreek,2.3,19.8,0,NA,NA,ESE,26,W,E,6,7,77,48,1028,1026.9,NA,NA,12.9,18.7,No,No
2016-08-15,BadgerysCreek,3.2,20.4,0,NA,NA,NNE,24,NA,NNE,0,9,94,50,1032.8,1029.2,NA,NA,9.8,20,No,No
2016-08-16,BadgerysCreek,3.8,22.5,0,NA,NA,NE,17,NE,N,4,7,100,43,1030.9,1025.2,NA,NA,10.9,22.3,No,No
2016-08-17,BadgerysCreek,3.1,23.9,0,NA,NA,WNW,24,NNW,W,2,7,94,35,1026.5,1021.8,NA,NA,11.6,23.6,No,No
2016-08-18,BadgerysCreek,4.9,23.3,0,NA,NA,NNE,19,NA,ENE,0,9,75,36,1024.4,1020.1,NA,NA,14.1,22.4,No,No
2016-08-19,BadgerysCreek,3.4,23.5,0,NA,NA,NW,46,NE,NNW,4,24,89,38,1019.9,1013.4,NA,NA,11.7,21.2,No,No
2016-08-20,BadgerysCreek,6.8,17.5,0.4,NA,NA,WNW,41,WSW,WSW,7,24,60,41,1015.5,1014.3,NA,NA,13.1,15.8,No,No
2016-08-21,BadgerysCreek,0.8,19.6,0,NA,NA,W,28,NNE,W,7,7,72,40,1020,1016.3,NA,NA,10.4,19.1,No,No
2016-08-22,BadgerysCreek,4.5,13.6,0,NA,NA,N,46,WSW,WNW,6,9,75,90,1017.1,1015.2,NA,NA,11.5,9.8,No,Yes
2016-08-23,BadgerysCreek,3.6,16.7,5.6,NA,NA,WSW,31,W,SE,11,9,81,61,1014.6,1013.2,NA,NA,12.2,15.7,Yes,No
2016-08-24,BadgerysCreek,10,12.4,0,NA,NA,WSW,41,S,SSW,4,19,95,100,1014.1,1007.7,NA,NA,11.2,11.7,No,Yes
2016-08-25,BadgerysCreek,7.8,16.7,31.2,NA,NA,SW,41,SW,SW,7,17,86,49,1010.9,1010.4,NA,NA,10,15.3,Yes,No
2016-08-26,BadgerysCreek,2.9,16.4,0,NA,NA,SW,31,SW,SE,20,9,63,50,1018.9,1017.4,NA,NA,10.8,15.1,No,No
2016-08-27,BadgerysCreek,3.1,19,0,NA,NA,N,22,SW,NNE,9,9,68,43,1023.6,1019.8,NA,NA,10.8,18.1,No,No
2016-08-28,BadgerysCreek,2.2,19.5,0,NA,NA,SW,31,N,SSW,4,15,70,46,1023,1021,NA,NA,11.2,16.2,No,No
2016-08-29,BadgerysCreek,2.5,18.9,0,NA,NA,SE,17,S,E,2,6,84,47,1027.5,1024.8,NA,NA,10.4,18.4,No,No
2016-08-30,BadgerysCreek,6.6,20.9,0,NA,NA,NNE,17,SW,NNE,2,11,90,57,1026.9,1022.3,NA,NA,11.7,20.1,No,No
2016-08-31,BadgerysCreek,10.4,23.5,0,NA,NA,NNW,44,NNW,NNW,7,13,90,52,1018.5,1013.5,NA,NA,14.6,21.4,No,No
2016-09-01,BadgerysCreek,5.8,22.4,0,NA,NA,WNW,22,NA,NNW,0,2,89,42,1020.5,1014.9,NA,NA,14.2,21.8,No,Yes
2016-09-02,BadgerysCreek,12.6,16.6,10,NA,NA,SW,17,SSW,WSW,4,2,100,100,1011.7,1006,NA,NA,13.4,14.6,Yes,Yes
2016-09-03,BadgerysCreek,12.6,19.4,21.4,NA,NA,WNW,50,WNW,W,31,15,63,57,998.5,1005.7,NA,NA,16.4,18,Yes,No
2016-09-04,BadgerysCreek,5.4,19.4,0,NA,NA,SW,39,SW,SW,6,11,64,45,1021.6,1021.8,NA,NA,14.4,19.2,No,No
2016-09-05,BadgerysCreek,4.1,21.1,0,NA,NA,NE,15,WSW,NNE,2,7,69,46,1030.4,1026.7,NA,NA,13,20.3,No,No
2016-09-06,BadgerysCreek,5.2,24.3,0,NA,NA,N,19,ENE,N,4,7,89,46,1030.2,1025.7,NA,NA,14.2,22.8,No,No
2016-09-07,BadgerysCreek,9.5,22.5,0,NA,NA,E,26,SW,E,7,15,82,62,1031.7,1028.5,NA,NA,17.8,21.1,No,No
2016-09-08,BadgerysCreek,12.9,23.4,0,NA,NA,NE,28,NA,NNE,0,11,100,51,1029.5,1023.8,NA,NA,15.5,21.6,No,No
2016-09-09,BadgerysCreek,9,24.5,0,NA,NA,NNE,35,ENE,NNE,4,17,100,46,1021.7,1015,NA,NA,13.8,22.4,No,Yes
2016-09-10,BadgerysCreek,12.2,21.2,3.8,NA,NA,WNW,48,NNE,W,19,24,73,46,1012.3,1011.2,NA,NA,16.7,20.5,Yes,No
2016-09-11,BadgerysCreek,6.7,21.2,0,NA,NA,SSW,20,SW,NNE,7,9,61,44,1019.1,1016.4,NA,NA,14.9,19.8,No,No
2016-09-12,BadgerysCreek,7.8,21.2,0,NA,NA,E,22,W,N,6,7,70,55,1021.6,1017.8,NA,NA,14.3,20,No,No
2016-09-13,BadgerysCreek,12.4,20,0,NA,NA,WSW,15,SW,NW,2,2,75,70,1021.4,1017.9,NA,NA,16.3,19.4,No,Yes
2016-09-14,BadgerysCreek,13.9,23.8,2.2,NA,NA,N,30,NA,NNW,0,6,100,70,1013.7,1008.2,NA,NA,15.2,22.2,Yes,No
2016-09-15,BadgerysCreek,10.3,19.9,0,NA,NA,NA,NA,NNW,NW,22,13,42,52,1009.6,1008.5,NA,NA,17,18.3,No,No
2016-09-16,BadgerysCreek,9.1,20.9,0,NA,NA,SW,37,WNW,W,6,19,66,44,1016.7,1015.7,NA,NA,15.8,20.4,No,No
2016-09-17,BadgerysCreek,4.6,21.8,0,NA,NA,NE,20,NE,NNE,2,6,73,51,1021.9,1017.5,NA,NA,14.4,20.9,No,No
2016-09-18,BadgerysCreek,9.6,16.6,0,NA,NA,WSW,19,SW,ENE,6,9,89,100,1012.5,1005.1,NA,NA,13.2,12.7,No,Yes
2016-09-19,BadgerysCreek,9.3,20.4,12,NA,NA,WSW,43,W,WSW,17,19,70,41,1009.6,1008.7,NA,NA,16.4,19.7,Yes,No
2016-09-20,BadgerysCreek,3.4,18.9,0,NA,NA,N,19,NNW,NA,2,0,58,45,1018.5,1015.8,NA,NA,14.4,18.3,No,No
2016-09-21,BadgerysCreek,10.8,19.3,0,NA,NA,NNE,24,NNW,N,4,15,73,86,1012.3,1007.2,NA,NA,15.6,15.6,No,Yes
2016-09-22,BadgerysCreek,7.7,19.8,1.2,NA,NA,WSW,48,NW,WSW,2,31,69,56,1007.1,1006.3,NA,NA,17.6,17.9,Yes,No
2016-09-23,BadgerysCreek,12.4,21.8,0,NA,NA,SW,54,SW,S,28,19,59,52,1012,1010.2,NA,NA,18.3,21.5,No,No
2016-09-24,BadgerysCreek,7.4,24,0,NA,NA,E,26,SW,ENE,6,7,69,50,1012.4,1006.9,NA,NA,17.5,23.6,No,No
2016-09-25,BadgerysCreek,12.3,22.4,0,NA,NA,WSW,43,N,SW,7,17,82,51,1006.6,1005.6,NA,NA,15.4,20.8,No,No
2016-09-26,BadgerysCreek,6.8,22.1,0,NA,NA,WSW,43,SW,ENE,9,7,60,41,1013.1,1008.4,NA,NA,15,20.6,No,No
2016-09-27,BadgerysCreek,2.9,22,0,NA,NA,W,69,NNE,WSW,19,28,60,31,1008.9,1007.4,NA,NA,15.8,19.8,No,No
2016-09-28,BadgerysCreek,4,20.9,0,NA,NA,E,30,SW,NNE,7,9,59,37,1014.7,1010.3,NA,NA,15.9,20.3,No,Yes
2016-09-29,BadgerysCreek,6.1,21.1,3.2,NA,NA,NW,65,NA,N,0,15,99,56,1000.5,993.1,NA,NA,10.4,20.7,Yes,No
2016-09-30,BadgerysCreek,7.6,18.7,1,NA,NA,NW,52,NNW,NW,19,30,52,48,998.5,997.9,NA,NA,16.4,16.6,No,No
2016-10-01,BadgerysCreek,9.7,20.7,0,NA,NA,WNW,50,W,WNW,24,30,53,47,1006.4,1006.3,NA,NA,17.2,19.1,No,No
2016-10-02,BadgerysCreek,4.3,26.3,0,NA,NA,N,26,N,ENE,6,11,74,33,1012.8,1007.6,NA,NA,13.5,25.3,No,No
2016-10-03,BadgerysCreek,13.2,24.7,0,NA,NA,W,57,N,W,22,17,61,34,998.6,999,NA,NA,20.9,21,No,No
2016-10-04,BadgerysCreek,8.7,22.5,0,NA,NA,WSW,59,WNW,WNW,19,28,47,37,1007.4,1003.9,NA,NA,16.8,22,No,No
2016-10-05,BadgerysCreek,8.8,22.5,1,NA,NA,WSW,61,WNW,WSW,11,28,48,25,1016.4,1013.7,NA,NA,13.9,21.7,No,No
2016-10-06,BadgerysCreek,8.2,27.3,0,NA,NA,SW,37,N,WNW,4,19,44,26,1019,1016.9,NA,NA,19,26.6,No,No
2016-10-07,BadgerysCreek,9.5,30.1,0,NA,NA,WSW,41,N,WSW,6,20,65,24,1021.1,1015.7,NA,NA,19.3,29.4,No,No
2016-10-08,BadgerysCreek,12.7,23.5,0,NA,NA,ESE,33,SSE,SSE,6,19,66,63,1015.6,1017.4,NA,NA,18.5,18.4,No,No
2016-10-09,BadgerysCreek,11.4,23.2,0,NA,NA,NNE,30,NA,NNE,0,19,56,45,1022.7,1017.1,NA,NA,17,21.4,No,No
2016-10-10,BadgerysCreek,9.8,32.1,0,NA,NA,NW,57,SSW,WNW,6,30,76,34,1007.5,1004.7,NA,NA,17.4,31.2,No,No
2016-10-11,BadgerysCreek,10.5,20,0,NA,NA,WSW,59,W,WNW,31,26,43,29,1014.2,1013.4,NA,NA,13.9,19.2,No,No
2016-10-12,BadgerysCreek,3.6,22.2,0,NA,NA,SW,43,W,SSW,9,9,60,39,1016.7,1011.9,NA,NA,13.9,21.1,No,No
2016-10-13,BadgerysCreek,10.7,19.2,0,NA,NA,SW,39,SSW,S,24,19,58,45,1021.7,1021.6,NA,NA,13.8,18.9,No,No
2016-10-14,BadgerysCreek,5.1,21.9,0,NA,NA,ENE,26,SW,ENE,9,9,63,31,1026.1,1022.2,NA,NA,13.8,21.7,No,No
2016-10-15,BadgerysCreek,5.2,27.1,0,NA,NA,NE,26,NE,NNE,4,9,71,24,1022.9,1016.6,NA,NA,15,26.7,No,No
2016-10-16,BadgerysCreek,6.4,30.8,0,NA,NA,N,41,NNE,NNW,11,24,55,26,1014.5,1007.6,NA,NA,18.6,30,No,No
2016-10-17,BadgerysCreek,17.1,19.5,0,NA,NA,WNW,44,WSW,NE,17,4,62,83,1006.1,1007.5,NA,NA,18.1,15.5,No,Yes
2016-10-18,BadgerysCreek,4.7,25.6,1.4,NA,NA,WNW,50,NE,WNW,7,28,66,31,1014.5,1011.1,NA,NA,15.2,24.2,Yes,No
2016-10-19,BadgerysCreek,11.2,22.9,0,NA,NA,SSW,41,SW,SSW,9,20,50,24,1018.2,1017.1,NA,NA,17.6,21.6,No,No
2016-10-20,BadgerysCreek,10.9,23,0,NA,NA,NE,37,WSW,E,2,19,68,53,1024.5,1020.1,NA,NA,16.2,21,No,No
2016-10-21,BadgerysCreek,8.6,29,0,NA,NA,NW,35,NE,NW,6,20,81,28,1019.1,1012.3,NA,NA,16.5,28.4,No,Yes
2016-10-22,BadgerysCreek,15.6,20.6,8.8,NA,NA,WSW,50,WSW,SSW,6,17,100,55,1010.1,1009.5,NA,NA,16.4,18.6,Yes,No
2016-10-23,BadgerysCreek,8.6,20.5,1,NA,NA,SW,43,SW,SE,28,20,50,44,1018.6,1016.9,NA,NA,13.7,18.1,No,No
2016-10-24,BadgerysCreek,5.4,23.1,0,NA,NA,ENE,31,SW,SSE,6,11,66,33,1019.6,1015.2,NA,NA,13.9,22.9,No,No
2016-10-25,BadgerysCreek,5.1,27.9,0,NA,NA,WNW,31,NA,NE,0,11,77,29,1018.7,1013.4,NA,NA,14.9,25.6,No,No
2016-10-26,BadgerysCreek,8,30.9,0,NA,NA,WNW,37,NNW,NW,2,20,59,23,1016.4,1012.6,NA,NA,18.4,28.1,No,No
2016-10-27,BadgerysCreek,9.6,25.4,0,NA,NA,E,35,SW,ESE,6,19,68,67,1016,1015.2,NA,NA,19.2,19.6,No,Yes
2016-10-28,BadgerysCreek,12.1,19.3,1.4,NA,NA,SSW,22,SW,W,15,4,98,71,1020.9,1018.4,NA,NA,13.7,17.8,Yes,No
2016-10-29,BadgerysCreek,13.5,26.1,0,NA,NA,NNE,30,S,N,4,15,84,61,1020.1,1016.6,NA,NA,19,23,No,No
2016-10-30,BadgerysCreek,15.6,28.1,0,NA,NA,WSW,44,NNE,N,13,26,79,51,1013.6,1005.4,NA,NA,21.7,27.4,No,No
2016-10-31,BadgerysCreek,13.7,22.8,0.6,NA,NA,SSW,50,SSW,SSW,17,28,36,23,1010.9,1010.6,NA,NA,17.4,21.8,No,No
2016-11-01,BadgerysCreek,6.3,25,0,NA,NA,W,30,WSW,E,17,9,41,24,1014.3,1008.9,NA,NA,16.7,23.8,No,No
2016-11-02,BadgerysCreek,6.4,27.6,0,NA,NA,S,37,WSW,WSW,15,13,47,24,1014.9,1012,NA,NA,18.6,26.6,No,No
2016-11-03,BadgerysCreek,8.4,29.7,0,NA,NA,ESE,31,SW,N,7,13,55,29,1019,1013.7,NA,NA,19,28.1,No,No
2016-11-04,BadgerysCreek,9.3,31.4,0,NA,NA,WNW,43,N,WSW,4,20,63,18,1014.8,1008.9,NA,NA,20.4,30.4,No,No
2016-11-05,BadgerysCreek,13.9,25.3,0,NA,NA,WSW,59,WSW,W,31,31,19,20,1004,1006.4,NA,NA,23.5,24.4,No,No
2016-11-06,BadgerysCreek,9.1,26.4,0,NA,NA,SSW,46,WSW,SSW,22,20,32,27,1009,1007,NA,NA,19.1,25.7,No,No
2016-11-07,BadgerysCreek,8.1,34.6,0,NA,NA,WNW,43,N,W,7,24,49,21,1011,1005.1,NA,NA,20.6,33.5,No,No
2016-11-08,BadgerysCreek,13.1,30.2,0,NA,NA,E,26,W,SE,4,15,61,45,1007.4,1006.1,NA,NA,19.7,29.3,No,Yes
2016-11-09,BadgerysCreek,16.3,23.6,1.6,NA,NA,E,28,SE,ESE,6,15,84,79,1013.1,1009.3,NA,NA,19.2,19.4,Yes,Yes
2016-11-10,BadgerysCreek,13.3,30.3,1.6,NA,NA,ESE,28,W,SSW,2,17,89,31,1009.5,1005.6,NA,NA,18.6,29.2,Yes,No
2016-11-11,BadgerysCreek,15.2,27.9,0,NA,NA,E,35,E,E,2,22,74,55,1012.7,1008.6,NA,NA,20,25.6,No,Yes
2016-11-12,BadgerysCreek,17,35.7,5.4,NA,NA,WNW,59,N,W,15,11,89,34,1002.2,996.5,NA,NA,20.1,34.6,Yes,No
2016-11-13,BadgerysCreek,12.5,29.9,0,NA,NA,NW,74,S,WNW,4,37,40,22,998.5,996.5,NA,NA,23.8,27,No,No
2016-11-14,BadgerysCreek,15.4,27,0,NA,NA,S,56,SW,SE,22,20,47,50,1002.2,1004,NA,NA,20.9,21.2,No,No
2016-11-15,BadgerysCreek,12.9,24.7,1,NA,NA,E,30,WSW,SE,6,6,74,44,1016.2,1013.8,NA,NA,16.1,22.3,No,No
2016-11-16,BadgerysCreek,9.4,28.2,0,NA,NA,E,39,SW,ENE,7,22,58,53,1019.9,1019.8,NA,NA,20.7,24.5,No,No
2016-11-17,BadgerysCreek,15.5,28.2,0,NA,NA,NE,37,WSW,N,4,13,61,38,1025.4,1020.6,NA,NA,20.6,27.4,No,No
2016-11-18,BadgerysCreek,11.7,36.7,0,NA,NA,SSW,31,SE,SSE,4,6,66,23,1017.3,1012.7,NA,NA,22,36.2,No,No
2016-11-19,BadgerysCreek,15.2,27.3,0,NA,NA,SE,28,SE,E,6,15,65,58,1017.8,1017.5,NA,NA,22.9,24.7,No,No
2016-11-20,BadgerysCreek,17.3,30.6,0,NA,NA,NNE,44,NE,ENE,7,9,82,46,1021.2,1017.1,NA,NA,19.5,29,No,No
2016-11-21,BadgerysCreek,15.5,34.7,0,NA,NA,N,31,ENE,N,6,7,67,39,1018.2,1014.4,NA,NA,24.2,31.6,No,No
2016-11-22,BadgerysCreek,14.5,36.8,0,NA,NA,E,30,S,NNE,4,13,56,22,1014.6,1010.6,NA,NA,26.2,34.2,No,No
2016-11-23,BadgerysCreek,17.3,35.1,0,NA,NA,SW,41,SE,SE,6,19,67,61,1009.7,1006.6,NA,NA,23.4,25.4,No,No
2016-11-24,BadgerysCreek,11.8,26.8,0,NA,NA,SW,41,SW,SSW,28,13,40,25,1013,1010.3,NA,NA,17.9,26.1,No,No
2016-11-25,BadgerysCreek,8.8,29.1,0,NA,NA,ESE,39,WNW,ESE,11,19,41,31,1012.9,1011.1,NA,NA,20.2,26.4,No,No
2016-11-26,BadgerysCreek,13,30.8,0,NA,NA,E,37,NW,WNW,7,7,65,31,1017.4,1012.3,NA,NA,20,29.1,No,No
2016-11-27,BadgerysCreek,18.1,27.2,0,NA,NA,E,39,ESE,ENE,7,19,77,57,1017.7,1015.7,NA,NA,20.5,24.9,No,No
2016-11-28,BadgerysCreek,18.1,32,0,NA,NA,E,26,NNE,N,9,9,69,48,1014.8,1009.1,NA,NA,23.7,29.5,No,No
2016-11-29,BadgerysCreek,17.6,29.5,0.2,NA,NA,ESE,35,S,ESE,7,17,66,58,1011.7,1010,NA,NA,22.3,25.6,No,No
2016-11-30,BadgerysCreek,16.4,29.4,0,NA,NA,NA,NA,N,E,7,20,70,60,1012.3,1007.3,NA,NA,21.6,26,No,NA
2016-12-01,BadgerysCreek,NA,NA,NA,NA,NA,NA,NA,NA,NA,NA,NA,NA,NA,NA,NA,NA,NA,NA,NA,NA,NA
2016-12-02,BadgerysCreek,NA,NA,NA,NA,NA,NA,NA,NA,NA,NA,NA,NA,NA,NA,NA,NA,NA,NA,NA,NA,NA
2016-12-03,BadgerysCreek,NA,NA,NA,NA,NA,NA,NA,NA,NA,NA,NA,NA,NA,NA,NA,NA,NA,NA,NA,NA,NA
2016-12-04,BadgerysCreek,NA,NA,NA,NA,NA,NA,NA,NA,NA,NA,NA,NA,NA,NA,NA,NA,NA,NA,NA,NA,NA
2016-12-05,BadgerysCreek,NA,NA,NA,NA,NA,NA,NA,NA,NA,NA,NA,NA,NA,NA,NA,NA,NA,NA,NA,NA,NA
2016-12-06,BadgerysCreek,NA,NA,NA,NA,NA,NA,NA,NA,NA,NA,NA,NA,NA,NA,NA,NA,NA,NA,NA,NA,NA
2016-12-07,BadgerysCreek,NA,NA,NA,NA,NA,NA,NA,NA,NA,NA,NA,NA,NA,NA,NA,NA,NA,NA,NA,NA,NA
2016-12-08,BadgerysCreek,NA,NA,NA,NA,NA,NA,NA,NA,NA,NA,NA,NA,NA,NA,NA,NA,NA,NA,NA,NA,NA
2016-12-09,BadgerysCreek,NA,NA,NA,NA,NA,NA,NA,NA,NA,NA,NA,NA,NA,NA,NA,NA,NA,NA,NA,NA,NA
2016-12-10,BadgerysCreek,NA,NA,NA,NA,NA,NA,NA,NA,NA,NA,NA,NA,NA,NA,NA,NA,NA,NA,NA,NA,NA
2016-12-11,BadgerysCreek,NA,NA,NA,NA,NA,NA,NA,NA,NA,NA,NA,NA,NA,NA,NA,NA,NA,NA,NA,NA,NA
2016-12-12,BadgerysCreek,NA,NA,NA,NA,NA,NA,NA,NA,NA,NA,NA,NA,NA,NA,NA,NA,NA,NA,NA,NA,NA
2016-12-13,BadgerysCreek,NA,NA,NA,NA,NA,NA,NA,NA,NA,NA,NA,NA,NA,NA,NA,NA,NA,NA,NA,NA,NA
2016-12-14,BadgerysCreek,NA,NA,NA,NA,NA,NA,NA,NA,NA,NA,NA,NA,NA,NA,NA,NA,NA,NA,NA,NA,NA
2016-12-15,BadgerysCreek,NA,NA,NA,NA,NA,NA,NA,NA,NA,NA,NA,NA,NA,NA,NA,NA,NA,NA,NA,NA,NA
2016-12-16,BadgerysCreek,NA,NA,NA,NA,NA,NA,NA,NA,WNW,NA,2,NA,95,NA,1009.5,NA,NA,NA,18.9,NA,NA
2016-12-17,BadgerysCreek,NA,34.2,NA,NA,NA,WNW,41,NNE,W,6,20,67,30,1007.5,1004.9,NA,NA,25.4,32.6,NA,No
2016-12-18,BadgerysCreek,17.2,22.6,0,NA,NA,SSE,31,SE,SSE,9,19,67,61,1019,1019.6,NA,NA,18.7,18.9,No,No
2016-12-19,BadgerysCreek,14.8,NA,0,NA,NA,E,33,N,ENE,6,17,70,48,1020.9,1015,NA,NA,18.6,24.2,No,No
2016-12-20,BadgerysCreek,11.9,37.8,0,NA,NA,SW,54,N,NW,7,17,67,26,1010.4,1004.1,NA,NA,20.3,36.2,No,No
2016-12-21,BadgerysCreek,15.1,31.3,0,NA,NA,E,37,SW,ESE,2,20,73,51,1011.8,1011.1,NA,NA,22.4,26.9,No,No
2016-12-22,BadgerysCreek,17.4,26.6,0.4,NA,NA,E,28,SSW,ENE,4,17,87,53,1019.6,1017.1,NA,NA,19,25.9,No,No
2016-12-23,BadgerysCreek,18.5,28.6,0,NA,NA,E,30,N,NE,11,13,64,55,1019.1,1015.4,NA,NA,22.8,26.1,No,No
2016-12-24,BadgerysCreek,15.4,29.9,0,NA,NA,N,39,W,NE,7,2,74,52,1015.8,1013.2,NA,NA,22.7,28.5,No,Yes
2016-12-25,BadgerysCreek,14.8,31.9,4,NA,NA,E,35,SSE,ENE,6,15,77,49,1017.1,1014.4,NA,NA,22.1,30.6,Yes,No
2016-12-26,BadgerysCreek,17.1,34.5,0,NA,NA,S,52,NNE,ESE,2,4,72,81,1014.6,1010.1,NA,NA,24.1,25,No,Yes
2016-12-27,BadgerysCreek,18.3,32.4,5.6,NA,NA,E,28,SSW,ENE,6,17,71,51,1014.6,1012.5,NA,NA,24.6,31.5,Yes,No
2016-12-28,BadgerysCreek,18,35.8,0,NA,NA,E,30,E,NNE,4,11,74,40,1012.9,1008.2,NA,NA,24.1,33.9,No,No
2016-12-29,BadgerysCreek,21.5,40.5,0,NA,NA,E,33,SE,SSE,2,11,73,23,1007.4,1003.7,NA,NA,25.7,39.5,No,No
2016-12-30,BadgerysCreek,22.6,34.7,0,NA,NA,NW,33,WSW,WNW,2,9,51,46,1003.8,1001.8,NA,NA,27.4,32.6,No,No
2016-12-31,BadgerysCreek,23.1,34.2,0.2,NA,NA,ESE,33,SE,ESE,6,20,70,55,1003.6,1002.2,NA,NA,27.4,31.6,No,No
2017-01-01,BadgerysCreek,21.6,28.4,0,NA,NA,SW,33,NNE,NNW,4,7,80,65,1007.4,1005.4,NA,NA,24,27.6,No,No
2017-01-02,BadgerysCreek,19.9,26.7,0,NA,NA,S,31,S,SE,15,17,77,58,1010.2,1011.2,NA,NA,21.6,24.7,No,No
2017-01-03,BadgerysCreek,15.1,28.9,0.2,NA,NA,ESE,43,S,ESE,9,19,63,48,1018.6,1017.5,NA,NA,22.2,27.3,No,No
2017-01-04,BadgerysCreek,17.6,28.1,0.6,NA,NA,NA,NA,E,E,19,17,58,46,1021.4,1019.3,NA,NA,23.1,26.5,No,NA
2017-01-05,BadgerysCreek,17.6,27,NA,NA,NA,NNE,26,E,NE,6,9,86,98,1019.1,1017.1,NA,NA,20.4,21,NA,Yes
2017-01-06,BadgerysCreek,17.9,24.7,9.6,NA,NA,ENE,24,E,NNW,4,4,90,87,1018.1,1017.5,NA,NA,21.9,22.3,Yes,Yes
2017-01-07,BadgerysCreek,16.3,30.5,1.2,NA,NA,ENE,35,E,E,4,19,68,51,1018.4,1013.6,NA,NA,23.1,27.9,Yes,No
2017-01-08,BadgerysCreek,15,36.7,0,NA,NA,ENE,30,NNE,ENE,6,17,73,32,1013.2,1008.5,NA,NA,22.8,35.1,No,No
2017-01-09,BadgerysCreek,18,35.7,0,NA,NA,SSW,39,ESE,E,2,19,61,40,1011.2,1008.1,NA,NA,27.8,33.8,No,Yes
2017-01-10,BadgerysCreek,21,38.4,2.4,NA,NA,SE,43,NNW,NNE,6,9,81,36,1011.9,1007.5,NA,NA,24.1,35.2,Yes,No
2017-01-11,BadgerysCreek,20.9,42.8,0,NA,NA,SSE,54,NNW,W,6,17,60,24,1007.9,1003.2,NA,NA,28.6,39.8,No,No
2017-01-12,BadgerysCreek,20.4,31.5,0,NA,NA,ENE,35,E,ESE,7,19,79,52,1012.4,1009.6,NA,NA,23.7,29.2,No,No
2017-01-13,BadgerysCreek,20.6,45.1,0,NA,NA,NW,56,NNE,NNE,15,13,69,27,1008.3,999.3,NA,NA,25.6,41,No,No
2017-01-14,BadgerysCreek,25.1,40.6,0,NA,NA,W,37,WSW,N,7,9,55,20,1003.4,1001.8,NA,NA,29.7,37.8,No,No
2017-01-15,BadgerysCreek,19.8,30.1,0,NA,NA,E,37,SE,ESE,6,20,70,59,1015.1,1015.1,NA,NA,23.6,26.3,No,No
2017-01-16,BadgerysCreek,17.8,34.7,0,NA,NA,E,41,NNE,NE,20,13,65,34,1016.9,1012.1,NA,NA,25,33.5,No,No
2017-01-17,BadgerysCreek,16.7,42.5,0,NA,NA,NE,35,NNW,SSE,4,6,70,26,1013.5,1007.4,NA,NA,25.6,39.6,No,No
2017-01-18,BadgerysCreek,23,44.4,0,NA,NA,WNW,52,WNW,ESE,30,30,30,48,1005.6,1005.8,NA,NA,37.6,30.9,No,No
2017-01-19,BadgerysCreek,17.2,23.2,0.2,NA,NA,E,24,SW,NE,9,11,73,78,1015.5,1013.5,NA,NA,19.4,21.1,No,No
2017-01-20,BadgerysCreek,17.9,30.4,0.4,NA,NA,S,43,NNE,N,17,9,72,81,1001,994.5,NA,NA,22,26.4,No,Yes
2017-01-21,BadgerysCreek,19.9,29.8,7.2,NA,NA,ENE,37,SE,ENE,7,22,55,43,1010.4,1010.9,NA,NA,21.7,27.6,Yes,No
2017-01-22,BadgerysCreek,18,30.9,0,NA,NA,E,35,SW,NE,4,13,61,47,1017.8,1014.4,NA,NA,22.3,28.2,No,No
2017-01-23,BadgerysCreek,17.2,39.3,0,NA,NA,NNE,44,N,NNE,7,17,76,36,1014.9,1008.3,NA,NA,23.5,36.6,No,No
2017-01-24,BadgerysCreek,22.5,37.2,0,NA,NA,NW,57,WNW,WNW,24,11,37,45,1007.4,1008.4,NA,NA,34.2,34,No,Yes
2017-01-25,BadgerysCreek,18.6,25.2,1.8,NA,NA,S,20,WSW,NNE,9,6,76,69,1020.9,1017.9,NA,NA,20.2,22.7,Yes,No
2017-01-26,BadgerysCreek,18.6,25.7,0,NA,NA,E,22,SW,E,9,9,82,69,1016.3,1014.5,NA,NA,21.5,25.1,No,No
2017-01-27,BadgerysCreek,19.5,28.2,0,NA,NA,ENE,30,S,ENE,6,9,78,60,1018.7,1016.4,NA,NA,21.2,26.6,No,No
2017-01-28,BadgerysCreek,16.2,39.4,0,NA,NA,NE,37,NNE,NNE,11,9,75,29,1016,1010.6,NA,NA,23.9,37.6,No,No
2017-01-29,BadgerysCreek,20,34.3,0,NA,NA,E,31,ESE,ENE,6,20,72,59,1016.7,1014.5,NA,NA,25.8,30.2,No,No
2017-01-30,BadgerysCreek,19.8,43.5,0,NA,NA,ESE,43,NNE,WNW,7,19,79,22,1012.5,1006.6,NA,NA,26.1,41.1,No,No
2017-01-31,BadgerysCreek,23,42.1,0,NA,NA,WNW,48,SSE,SE,6,26,54,55,1008,1008.4,NA,NA,31.3,29.5,No,No
2017-02-01,BadgerysCreek,20.1,24.7,0,NA,NA,S,22,N,ESE,6,9,83,77,1016.3,1012.3,NA,NA,21.3,23.8,No,No
2017-02-02,BadgerysCreek,20.5,29.2,0.6,NA,NA,E,33,SSE,NE,17,17,52,51,1013.2,1013.2,NA,NA,24,26.9,No,No
2017-02-03,BadgerysCreek,19.2,27.2,0.2,NA,NA,NNE,24,WSW,NE,4,13,94,76,1016,1013.3,NA,NA,20.4,24.8,No,No
2017-02-04,BadgerysCreek,20.2,35.4,0,NA,NA,E,28,WSW,ESE,2,13,82,58,1014,1009.6,NA,NA,24.9,33.2,No,No
2017-02-05,BadgerysCreek,21.9,41.8,0,NA,NA,NW,39,NW,NW,2,15,82,29,1010.2,1007.4,NA,NA,26.4,37.9,No,No
2017-02-06,BadgerysCreek,21.5,37.6,0,NA,NA,E,39,E,E,7,22,60,45,1011.3,1008.3,NA,NA,29.8,35.4,No,No
2017-02-07,BadgerysCreek,21.6,25.5,0,NA,NA,S,31,SSW,SE,9,6,92,100,1018.1,1018.8,NA,NA,23.1,21.9,No,Yes
2017-02-08,BadgerysCreek,20,25.4,22,NA,NA,E,43,E,E,17,17,91,99,1022.3,1021.5,NA,NA,24.7,23.5,Yes,Yes
2017-02-09,BadgerysCreek,20.6,36,17,NA,NA,NNE,35,N,N,7,20,88,52,1018.4,1011.9,NA,NA,24.3,34.2,Yes,No
2017-02-10,BadgerysCreek,20.7,44.4,0,NA,NA,WSW,35,SSE,SW,2,22,84,23,1010.1,1006,NA,NA,27.3,43.5,No,No
2017-02-11,BadgerysCreek,21.5,46.4,0,NA,NA,S,39,N,ENE,9,7,90,30,1007.9,1002,NA,NA,25.5,43.3,No,No
2017-02-12,BadgerysCreek,22.6,37.1,0,NA,NA,SSE,44,SE,SE,7,30,86,76,1000.5,997.9,NA,NA,27.9,27.9,No,No
2017-02-13,BadgerysCreek,12.5,30.4,0,NA,NA,ENE,35,SW,ESE,15,9,44,28,1008.1,1006.1,NA,NA,21.5,29.5,No,No
2017-02-14,BadgerysCreek,18.6,26.8,0,NA,NA,SE,39,NNE,SE,9,19,67,60,1014.7,1015,NA,NA,23.7,23.7,No,No
2017-02-15,BadgerysCreek,17.1,29.8,0,NA,NA,E,31,SE,NNE,2,15,69,48,1017.5,1012.4,NA,NA,21.1,28,No,No
2017-02-16,BadgerysCreek,16.3,37.9,0,NA,NA,ENE,35,NNW,N,2,6,87,29,1012.2,1007.7,NA,NA,22.8,36.8,No,No
2017-02-17,BadgerysCreek,17.9,38.1,0,NA,NA,SSW,57,SE,S,2,30,80,59,1010,1006.3,NA,NA,24.4,23.7,No,Yes
2017-02-18,BadgerysCreek,19.5,31.5,5.2,NA,NA,ENE,35,E,ESE,11,22,91,56,1006.2,1003.7,NA,NA,24.8,30.1,Yes,Yes
2017-02-19,BadgerysCreek,17.4,29.1,4.8,NA,NA,E,35,SSW,NNE,15,15,80,41,1009,1005.2,NA,NA,19.6,27.3,Yes,No
2017-02-20,BadgerysCreek,14.5,28.5,0,NA,NA,W,37,W,W,19,6,44,23,1011.2,1009.5,NA,NA,19.4,26.9,No,No
2017-02-21,BadgerysCreek,11.9,29.2,0,NA,NA,ENE,33,SW,E,13,13,59,45,1019.8,1017.7,NA,NA,19.1,28.6,No,No
2017-02-22,BadgerysCreek,14.7,32.2,0,NA,NA,ENE,39,SW,ENE,2,19,85,53,1021.7,1016.8,NA,NA,22.1,31.1,No,No
2017-02-23,BadgerysCreek,15.8,35.8,0,NA,NA,ENE,28,NA,NE,0,11,90,52,1019.6,1015.8,NA,NA,21.3,34.5,No,No
2017-02-24,BadgerysCreek,17.2,30.9,0,NA,NA,SE,31,SSE,E,6,15,84,63,1020.9,1017.9,NA,NA,23,27.7,No,Yes
2017-02-25,BadgerysCreek,19.1,21.6,2.4,NA,NA,SSW,28,SSW,SSW,15,15,83,74,1020.9,1020.4,NA,NA,19.6,21,Yes,Yes
2017-02-26,BadgerysCreek,17.2,24.7,32.6,NA,NA,ESE,28,SSW,S,9,15,93,68,1022.4,1021.8,NA,NA,20.2,23,Yes,Yes
2017-02-27,BadgerysCreek,16.5,27.2,2,NA,NA,SE,39,SSW,SE,7,20,91,63,1024.4,1022.6,NA,NA,21.6,26.3,Yes,Yes
2017-02-28,BadgerysCreek,17.6,27.4,6.2,NA,NA,E,41,SSW,NNE,6,11,95,80,1023.1,1021.2,NA,NA,20.8,24.8,Yes,Yes
2017-03-01,BadgerysCreek,19,26.5,13.4,NA,NA,E,30,SW,E,7,17,100,91,1020.9,1019.5,NA,NA,20.8,21.3,Yes,Yes
2017-03-02,BadgerysCreek,18.7,27.6,16.2,NA,NA,SE,30,SW,ESE,6,13,100,88,1018.3,1016,NA,NA,20.8,23.4,Yes,No
2017-03-03,BadgerysCreek,19.5,25,0.4,NA,NA,SE,33,SSW,S,9,19,100,100,1017.2,1016.5,NA,NA,20.7,20.4,No,Yes
2017-03-04,BadgerysCreek,18.9,23,21.6,NA,NA,SSW,28,SW,SSW,9,17,100,100,1016.2,1013.4,NA,NA,19.3,21.8,Yes,Yes
2017-03-05,BadgerysCreek,18.8,25.1,2,NA,NA,SW,43,WSW,SW,13,17,100,100,1010.6,1009.8,NA,NA,20.5,23.4,Yes,Yes
2017-03-06,BadgerysCreek,16.8,26.2,2.2,NA,NA,SW,41,SW,S,22,24,74,55,1013.5,1013,NA,NA,20.8,25.4,Yes,No
2017-03-07,BadgerysCreek,15.6,25.4,0.2,NA,NA,SSE,43,SW,SSE,17,20,78,57,1018.2,1017.2,NA,NA,19,24.7,No,Yes
2017-03-08,BadgerysCreek,15.1,23.2,1.2,NA,NA,S,35,WSW,S,13,20,100,70,1019.3,1017.6,NA,NA,16,22.4,Yes,No
2017-03-09,BadgerysCreek,16,23.5,0.4,NA,NA,SSW,28,SSW,ESE,9,9,94,61,1017.5,1016.1,NA,NA,18.7,22.4,No,No
2017-03-10,BadgerysCreek,15.4,26.5,0,NA,NA,SE,28,WSW,SE,15,13,86,51,1015.9,1013.5,NA,NA,19.1,24.6,No,No
2017-03-11,BadgerysCreek,13.3,27.6,0,NA,NA,E,31,SW,ESE,11,6,100,53,1014.5,1011.6,NA,NA,18.9,26.3,No,No
2017-03-12,BadgerysCreek,13.1,32.1,0,NA,NA,ENE,28,NA,NE,0,11,100,54,1010.9,1006.6,NA,NA,17.3,30.9,No,No
2017-03-13,BadgerysCreek,17.2,30,0,NA,NA,ENE,46,WSW,SSE,4,20,100,56,1011.1,1011.3,NA,NA,22,27.8,No,Yes
2017-03-14,BadgerysCreek,19.1,22.7,18.2,NA,NA,N,30,SE,NA,7,0,100,100,1019.3,1020.2,NA,NA,21.6,20.5,Yes,Yes
2017-03-15,BadgerysCreek,18.5,26.2,54,NA,NA,ENE,43,SE,ENE,6,24,100,100,1021,1018.4,NA,NA,20.4,24.2,Yes,Yes
2017-03-16,BadgerysCreek,20.3,24.5,17,NA,NA,SW,48,E,SE,6,13,100,100,1013.2,1008.1,NA,NA,21.7,23.8,Yes,Yes
2017-03-17,BadgerysCreek,19.7,21.7,36.6,NA,NA,S,48,S,S,19,22,100,98,1019.3,1021.4,NA,NA,20.6,20.6,Yes,Yes
2017-03-18,BadgerysCreek,18.2,24.4,12.2,NA,NA,SSW,48,S,SSE,11,11,100,100,1023.5,1022.7,NA,NA,20.9,22.1,Yes,Yes
2017-03-19,BadgerysCreek,19.9,27.9,16,NA,NA,ENE,37,E,E,15,17,NA,NA,1020.2,1017.6,NA,NA,22.8,25.9,Yes,Yes
2017-03-20,BadgerysCreek,21.1,29.1,1.2,NA,NA,ENE,20,ENE,ENE,4,9,NA,100,1018.4,1014.8,NA,NA,23.2,27.9,Yes,No
2017-03-21,BadgerysCreek,22.3,27.2,0,NA,NA,WSW,33,NA,NA,0,0,100,100,1015.8,1012.5,NA,NA,23,26.2,No,Yes
2017-03-22,BadgerysCreek,20.7,31.6,16.2,NA,NA,WSW,59,NNW,SE,4,2,NA,100,1012.5,1010.2,NA,NA,22.6,29.8,Yes,Yes
2017-03-23,BadgerysCreek,19.6,22.7,8.8,NA,NA,SW,24,SSW,WSW,9,11,100,100,1018.8,1017.7,NA,NA,20.7,20.5,Yes,Yes
2017-03-24,BadgerysCreek,17.5,24.7,7.4,NA,NA,SE,30,SW,SSE,9,11,100,100,1020.2,1018.8,NA,NA,20.7,23.3,Yes,No
2017-03-25,BadgerysCreek,17.2,24,0.2,NA,NA,NNE,24,WSW,N,2,11,100,100,1017.6,1014,NA,NA,19.9,22.7,No,No
2017-03-26,BadgerysCreek,15.8,29.3,0.2,NA,NA,ENE,26,NA,E,0,6,100,91,1016.1,1014,NA,NA,19.3,28.1,No,No
2017-03-27,BadgerysCreek,16.7,29.1,0,NA,NA,NNE,28,NNE,NNE,6,15,100,NA,1017.2,1011.5,NA,NA,18.8,28.3,No,No
2017-03-28,BadgerysCreek,18.7,24.4,0,NA,NA,S,17,SSW,ESE,9,7,NA,NA,1014.3,1012.3,NA,NA,20.7,23.3,No,No
2017-03-29,BadgerysCreek,20,33.4,0,NA,NA,SSW,13,E,N,2,2,NA,NA,1012.1,1007,NA,NA,21.4,30.9,No,No
2017-03-30,BadgerysCreek,21.3,22.8,0.2,NA,NA,SW,43,WSW,S,9,19,NA,NA,1007.7,1007.9,NA,NA,22.7,18.3,No,Yes
2017-03-31,BadgerysCreek,12.5,23.2,39.6,NA,NA,SE,35,SW,S,19,11,NA,NA,1016.9,1015.3,NA,NA,15.8,22.4,Yes,No
2017-04-01,BadgerysCreek,10.8,25,0,NA,NA,E,28,SW,E,6,6,NA,NA,1018.4,1016.4,NA,NA,15.3,24,No,No
2017-04-02,BadgerysCreek,14.4,22.2,0.4,NA,NA,SSW,37,SSW,SSE,17,17,NA,NA,1026.2,1024.8,NA,NA,16.3,21.4,No,Yes
2017-04-03,BadgerysCreek,12.7,20,3.6,NA,NA,ESE,35,SW,WSW,13,11,NA,NA,1029.1,1027.2,NA,NA,13.9,17.3,Yes,Yes
2017-04-04,BadgerysCreek,12,21,11.6,NA,NA,S,39,SSW,SSW,13,17,NA,NA,1028.6,1027.2,NA,NA,18.3,18.2,Yes,Yes
2017-04-05,BadgerysCreek,11.9,22.2,2.2,NA,NA,SSE,30,SW,ESE,13,15,NA,NA,1026.7,1023.1,NA,NA,17.7,20.6,Yes,No
2017-04-06,BadgerysCreek,9.9,23.8,0,NA,NA,NA,NA,SW,SSE,6,6,NA,41,1026.4,1023.4,NA,NA,17,22.7,No,No
2017-04-07,BadgerysCreek,11.8,24.5,0,NA,NA,ENE,19,SW,ESE,4,9,68,43,1028.6,1025.4,NA,NA,18.5,23.4,No,No
2017-04-08,BadgerysCreek,10,24.7,0,NA,NA,NNE,28,E,NNE,2,13,71,42,1026.3,1020.7,NA,NA,18,24,No,No
2017-04-09,BadgerysCreek,10.6,27.5,0,NA,NA,W,72,WNW,N,2,13,78,46,1015.5,1006.3,NA,NA,17.1,25.4,No,Yes
2017-04-10,BadgerysCreek,9,19.2,7.4,NA,NA,WSW,46,NW,SSE,19,2,56,57,1009.6,1008.7,NA,NA,13.9,16.1,Yes,No
2017-04-11,BadgerysCreek,8.4,24.1,0,NA,NA,SSW,43,SW,SSW,17,17,54,50,1017.7,1017.5,NA,NA,19.1,22.6,No,No
2017-04-12,BadgerysCreek,13.1,21.8,0,NA,NA,SSW,33,SW,SE,19,7,66,71,1024.1,1022.2,NA,NA,18.1,19.7,No,No
2017-04-13,BadgerysCreek,13.4,23.3,0,NA,NA,SE,28,SSW,S,15,11,64,55,1024.1,1020.5,NA,NA,18.6,21.1,No,No
2017-04-14,BadgerysCreek,10.1,24.7,0,NA,NA,E,22,SW,SE,4,6,75,35,1022.2,1018.9,NA,NA,17.3,24.1,No,No
2017-04-15,BadgerysCreek,9.5,24,0,NA,NA,E,26,SSW,SE,4,9,77,44,1021.2,1018,NA,NA,16.1,23.5,No,No
2017-04-16,BadgerysCreek,10.2,25.4,0,NA,NA,SE,30,NW,SW,2,15,86,41,1020.2,1017.5,NA,NA,16.5,23.3,No,No
2017-04-17,BadgerysCreek,10.8,24.5,0,NA,NA,ENE,24,S,NNW,2,4,72,45,1024.5,1021.6,NA,NA,18.1,23.8,No,No
2017-04-18,BadgerysCreek,12.3,25.1,0,NA,NA,ESE,22,ESE,E,4,6,81,52,1027.3,1024.8,NA,NA,18.5,24.5,No,No
2017-04-19,BadgerysCreek,12,23.6,0,NA,NA,SE,22,WSW,SE,9,9,86,61,1031.1,1028.2,NA,NA,16.5,22.8,No,No
2017-04-20,BadgerysCreek,12.4,24.7,0,NA,NA,N,24,NA,NE,0,13,82,57,1030.5,1027,NA,NA,19.2,23.1,No,No
2017-04-21,BadgerysCreek,9.9,24.3,0,NA,NA,NNE,24,NA,N,0,6,86,58,1028.6,1024.6,NA,NA,14.7,22.4,No,No
2017-04-22,BadgerysCreek,14.5,23.9,0,NA,NA,SSE,9,NE,NW,6,4,95,63,1026,1022.2,NA,NA,17.3,22.6,No,No
2017-04-23,BadgerysCreek,11.3,26.2,0,NA,NA,SSW,24,NA,NE,0,2,81,43,1024.1,1020.4,NA,NA,17.3,25.9,No,No
2017-04-24,BadgerysCreek,12,24.8,0.2,NA,NA,NE,19,SE,NE,2,6,81,50,1022.7,1017.8,NA,NA,17.6,24.6,No,No
2017-04-25,BadgerysCreek,14.9,25.7,0.2,NA,NA,N,30,NNE,NW,7,9,99,60,1014,1008.1,NA,NA,17.7,22.8,No,No
2017-04-26,BadgerysCreek,11.2,23.2,0,NA,NA,WSW,69,NNW,WSW,17,17,60,82,1006.5,1005.7,NA,NA,19.9,12.4,No,Yes
2017-04-27,BadgerysCreek,7.6,19.7,2,NA,NA,SW,33,WSW,SSW,19,13,50,49,1016.2,1015.2,NA,NA,13.2,17.3,Yes,No
2017-04-28,BadgerysCreek,7.4,20.3,0,NA,NA,SW,24,SW,WSW,15,6,56,40,1023.1,1020.3,NA,NA,14.2,19.9,No,No
2017-04-29,BadgerysCreek,5.3,22,0,NA,NA,SW,19,WSW,S,4,4,72,42,1021.1,1018.2,NA,NA,13.4,21.4,No,No
2017-04-30,BadgerysCreek,8.5,23,0,NA,NA,WSW,19,WSW,SE,13,7,70,52,1023.2,1020.5,NA,NA,16.5,20.9,No,No
2017-05-01,BadgerysCreek,7.2,24.5,0,NA,NA,WNW,24,NA,NNE,0,6,90,48,1019.5,1014.8,NA,NA,13.4,24.1,No,No
2017-05-02,BadgerysCreek,9.1,23,0,NA,NA,SSW,30,NW,SSW,4,11,62,44,1017.7,1016.1,NA,NA,19.6,20.6,No,No
2017-05-03,BadgerysCreek,10.8,17.8,0,NA,NA,SSW,31,SSW,SE,17,7,58,59,1027.6,1027.3,NA,NA,15.1,16.6,No,No
2017-05-04,BadgerysCreek,10.2,19,1,NA,NA,SSW,19,SW,E,7,6,73,61,1031.8,1029.3,NA,NA,15.5,17,No,No
2017-05-05,BadgerysCreek,8.3,22,0,NA,NA,NNE,26,ESE,NNE,2,7,80,47,1031.3,1027.3,NA,NA,14.5,21.6,No,No
2017-05-06,BadgerysCreek,6.5,24.2,0,NA,NA,W,28,NE,N,2,7,92,52,1026.1,1021.2,NA,NA,12.7,23.3,No,No
2017-05-07,BadgerysCreek,8,20.3,0,NA,NA,W,33,WSW,SSW,9,11,54,27,1024.5,1023.5,NA,NA,16.6,19.8,No,No
2017-05-08,BadgerysCreek,4.2,19.6,0,NA,NA,SW,26,SW,E,15,4,64,42,1028.1,1025.1,NA,NA,11.2,18.8,No,No
2017-05-09,BadgerysCreek,6.3,20.7,0,NA,NA,SW,24,WSW,S,13,4,65,43,1027.2,1023.9,NA,NA,13.7,20.2,No,No
2017-05-10,BadgerysCreek,6.8,21.3,0,NA,NA,WSW,17,SW,WSW,11,6,76,45,1025.5,1021.9,NA,NA,14.2,20,No,No
2017-05-11,BadgerysCreek,7.2,20.9,0,NA,NA,ESE,17,WSW,S,6,4,80,45,1025.1,1022.9,NA,NA,13.1,20.4,No,No
2017-05-12,BadgerysCreek,8.5,19.8,0,NA,NA,SW,20,SW,S,15,2,80,62,1027.4,1024.5,NA,NA,13.7,18.6,No,No
2017-05-13,BadgerysCreek,10.6,21.7,0,NA,NA,NE,28,NA,NNE,0,15,90,63,1025,1021.3,NA,NA,15,19.9,No,No
2017-05-14,BadgerysCreek,10.3,21.1,0,NA,NA,SE,19,WSW,ESE,11,9,97,71,1022.6,1019.2,NA,NA,14.9,18.6,No,Yes
2017-05-15,BadgerysCreek,10.5,20.6,1.2,NA,NA,SSW,35,SW,SSW,13,13,75,45,1017.4,1014.4,NA,NA,16.3,19.9,Yes,No
2017-05-16,BadgerysCreek,5.4,20.7,0,NA,NA,SW,30,WSW,S,2,6,79,43,1018.5,1016.1,NA,NA,12.7,20.4,No,No
2017-05-17,BadgerysCreek,4.5,20.4,0,NA,NA,NNE,28,NA,ENE,0,9,97,54,1023.7,1020.9,NA,NA,11,19.9,No,No
2017-05-18,BadgerysCreek,8.7,22.2,0,NA,NA,E,24,ESE,E,6,7,98,67,1027.2,1024.5,NA,NA,13.6,19.7,No,No
2017-05-19,BadgerysCreek,13.1,18.5,0,NA,NA,NNE,24,ESE,N,4,4,86,97,1025.6,1021.1,NA,NA,16.3,17.4,No,Yes
2017-05-20,BadgerysCreek,14.9,22.5,9,NA,NA,W,15,NNW,W,2,2,99,57,1018.1,1015.5,NA,NA,15.7,21.6,Yes,No
2017-05-21,BadgerysCreek,9.3,22.5,0,NA,NA,ESE,15,NA,ESE,0,2,91,46,1021.2,1019.1,NA,NA,13.4,21.8,No,No
2017-05-22,BadgerysCreek,9.5,21.5,0,NA,NA,NE,15,WSW,NNE,6,9,100,55,1024.8,1021.5,NA,NA,13.7,21,No,No
2017-05-23,BadgerysCreek,10.4,23.2,0,NA,NA,N,19,ENE,N,4,11,99,57,1022.3,1016.9,NA,NA,15.1,22.3,No,Yes
2017-05-24,BadgerysCreek,8.8,22.1,3.2,NA,NA,SW,48,WNW,W,2,22,98,40,1014.8,1013.3,NA,NA,15.2,20.7,Yes,No
2017-05-25,BadgerysCreek,5.8,20.2,0,NA,NA,SW,15,NA,NNE,0,6,75,45,1021.7,1018.7,NA,NA,13.1,19.6,No,No
2017-05-26,BadgerysCreek,5.1,19.8,0,NA,NA,WSW,22,SSE,ESE,4,6,76,58,1022.2,1019.7,NA,NA,12.3,18.2,No,No
2017-05-27,BadgerysCreek,8,20.6,0,NA,NA,NNE,17,SSE,N,4,9,92,58,1022.2,1017.4,NA,NA,12.8,20,No,No
2017-05-28,BadgerysCreek,5.2,23,0,NA,NA,NNW,37,NA,N,0,11,100,42,1013.2,1008.8,NA,NA,8.6,22,No,No
2017-05-29,BadgerysCreek,6.9,17.3,0.2,NA,NA,WSW,37,WSW,SW,15,19,49,35,1018.1,1018.6,NA,NA,13,16.2,No,No
2017-05-30,BadgerysCreek,-0.1,17.9,0.6,NA,NA,W,33,W,WSW,7,20,84,44,1023.3,1020.3,NA,NA,7.2,17.4,No,No
2017-05-31,BadgerysCreek,6.5,15.7,0.4,NA,NA,SW,37,SW,S,13,20,81,42,1026.5,1026.4,NA,NA,11.2,14.5,No,No
2017-06-01,BadgerysCreek,5.8,17.1,0,NA,NA,SW,37,SW,WSW,19,13,55,44,1033.4,1031.3,NA,NA,11.4,16.6,No,No
2017-06-02,BadgerysCreek,5.7,17.9,0,NA,NA,SW,35,SW,SSW,17,13,61,48,1033.1,1031,NA,NA,11.9,16.9,No,No
2017-06-03,BadgerysCreek,8.5,17.9,0,NA,NA,S,26,WSW,SW,13,15,64,61,1031.8,1028.9,NA,NA,13.2,16.9,No,No
2017-06-04,BadgerysCreek,7.2,19.6,0,NA,NA,SW,17,SW,NW,7,2,88,43,1028.6,1024.2,NA,NA,11.8,19.1,No,No
2017-06-05,BadgerysCreek,4.9,19.1,0,NA,NA,N,13,NA,NNE,0,4,98,50,1025.4,1021.4,NA,NA,10.2,17.5,No,No
2017-06-06,BadgerysCreek,1.7,16.7,0,NA,NA,SW,48,SW,WSW,4,19,82,45,1019.6,1018.1,NA,NA,9.5,16,No,Yes
2017-06-07,BadgerysCreek,8.3,14.5,17.4,NA,NA,SW,43,WSW,SW,17,19,96,90,1021.2,1020.7,NA,NA,10.9,13.3,Yes,Yes
2017-06-08,BadgerysCreek,10.8,18.8,12.8,NA,NA,S,33,SW,SSE,13,15,92,68,1025.1,1024,NA,NA,13.7,17.4,Yes,No
2017-06-09,BadgerysCreek,9.3,19,0,NA,NA,S,31,SW,SSE,13,19,81,64,1028.1,1027.3,NA,NA,13.5,17.8,No,Yes
2017-06-10,BadgerysCreek,12.2,16.2,23.6,NA,NA,SSE,28,SW,SSW,13,11,99,83,1032.6,1030.9,NA,NA,13.8,15.3,Yes,No
2017-06-11,BadgerysCreek,9.5,17.9,0.4,NA,NA,SW,15,WSW,N,4,4,99,80,1029.5,1026,NA,NA,13,16.4,No,No
2017-06-12,BadgerysCreek,5.5,20.7,0.2,NA,NA,SE,22,NA,E,0,11,100,53,1025.4,1023.7,NA,NA,10.4,19.9,No,No
2017-06-13,BadgerysCreek,7.5,19.2,0.2,NA,NA,SSW,24,SW,SE,13,6,86,65,1030.3,1029.1,NA,NA,11.7,16.9,No,No
2017-06-14,BadgerysCreek,9.1,20.3,0,NA,NA,SW,19,SW,NNW,9,6,79,65,1031.6,1028.3,NA,NA,14.3,18.3,No,No
2017-06-15,BadgerysCreek,5.7,19.1,0.2,NA,NA,NE,11,NW,NNE,2,2,100,62,1028.1,1024.5,NA,NA,11.2,18.8,No,No
2017-06-16,BadgerysCreek,10.1,16.8,0,NA,NA,W,19,SW,WSW,7,6,98,68,1026.3,1023.7,NA,NA,11.8,16.2,No,No
2017-06-17,BadgerysCreek,11.7,18.3,0,NA,NA,SW,20,SW,SW,9,7,84,72,1024.7,1022.2,NA,NA,14.3,16.8,No,No
2017-06-18,BadgerysCreek,9.6,18.2,0,NA,NA,S,39,SW,S,13,19,81,56,1026.3,1026.4,NA,NA,14,16.7,No,No
2017-06-19,BadgerysCreek,8.2,19.6,0,NA,NA,WSW,26,SW,SSW,13,11,81,56,1030.8,1028.1,NA,NA,11.9,18.9,No,No
2017-06-20,BadgerysCreek,10.2,20.2,0,NA,NA,SW,19,SW,ENE,11,6,82,57,1029,1025.3,NA,NA,12.4,19,No,No
2017-06-21,BadgerysCreek,4.1,19,0.2,NA,NA,SSE,26,SW,SE,6,11,99,61,1026.5,1025.7,NA,NA,8.5,16.4,No,No
2017-06-22,BadgerysCreek,6.8,18.3,0,NA,NA,SW,17,SW,NNW,11,6,92,55,1028.8,1024.6,NA,NA,10.7,17.9,No,No
2017-06-23,BadgerysCreek,3.8,16.8,0.2,NA,NA,SW,17,NA,N,0,7,100,64,1021,1015.1,NA,NA,6.8,16,No,No
2017-06-24,BadgerysCreek,2.7,18.8,0,NA,NA,SSW,24,NW,WSW,4,7,96,40,1017.7,1015.4,NA,NA,8.6,18.5,No,No
2017-06-25,BadgerysCreek,0.8,18.6,0.2,NA,NA,WSW,31,NA,WSW,0,20,99,40,1018.8,1015.5,NA,NA,6.9,17.8,No,No